Period	Frame	Time [s]	player	x	y
1	20375	815.0	15	0.52333	0.15093
1	20375	815.0	16	0.52972	0.31205
1	20375	815.0	17	0.48127	0.45092
1	20375	815.0	18	0.38463	0.04628
1	20375	815.0	19	0.2589	0.07167
1	20375	815.0	20	0.40152	0.31453
1	20375	815.0	21	0.33072	0.1505
1	20375	815.0	22	0.3435	0.72761
1	20375	815.0	23	0.24628	0.17472
1	20375	815.0	24	0.22221	0.40027
1	20375	815.0	25	0.82113	0.45911
1	20376	815.04	15	0.52258	0.15109
1	20376	815.04	16	0.52911	0.31197
1	20376	815.04	17	0.4811	0.45105
1	20376	815.04	18	0.38349	0.04675
1	20376	815.04	19	0.25701	0.07325
1	20376	815.04	20	0.40083	0.314
1	20376	815.04	21	0.32976	0.15107
1	20376	815.04	22	0.34193	0.72734
1	20376	815.04	23	0.24593	0.17483
1	20376	815.04	24	0.22145	0.40139
1	20376	815.04	25	0.82054	0.45899
1	20377	815.08	15	0.52184	0.15123
1	20377	815.08	16	0.52849	0.31188
1	20377	815.08	17	0.48093	0.45116
1	20377	815.08	18	0.38235	0.04728
1	20377	815.08	19	0.25513	0.07488
1	20377	815.08	20	0.40013	0.31339
1	20377	815.08	21	0.32881	0.15161
1	20377	815.08	22	0.34038	0.72701
1	20377	815.08	23	0.24556	0.17482
1	20377	815.08	24	0.22071	0.40247
1	20377	815.08	25	0.81996	0.45888
1	20378	815.12	15	0.52109	0.15136
1	20378	815.12	16	0.52789	0.31177
1	20378	815.12	17	0.48076	0.45129
1	20378	815.12	18	0.3812	0.0478
1	20378	815.12	19	0.25326	0.07648
1	20378	815.12	20	0.39941	0.31275
1	20378	815.12	21	0.32786	0.15212
1	20378	815.12	22	0.33885	0.72667
1	20378	815.12	23	0.24522	0.17475
1	20378	815.12	24	0.21997	0.40347
1	20378	815.12	25	0.81938	0.45877
1	20379	815.16	15	0.52033	0.15147
1	20379	815.16	16	0.52727	0.31169
1	20379	815.16	17	0.48061	0.45145
1	20379	815.16	18	0.38007	0.04828
1	20379	815.16	19	0.25142	0.07813
1	20379	815.16	20	0.39866	0.31209
1	20379	815.16	21	0.32694	0.1526
1	20379	815.16	22	0.33735	0.72629
1	20379	815.16	23	0.24489	0.17472
1	20379	815.16	24	0.21927	0.40448
1	20379	815.16	25	0.81883	0.45867
1	20380	815.2	15	0.51957	0.15162
1	20380	815.2	16	0.52667	0.31165
1	20380	815.2	17	0.48045	0.45159
1	20380	815.2	18	0.37892	0.04875
1	20380	815.2	19	0.24959	0.07976
1	20380	815.2	20	0.3979	0.31152
1	20380	815.2	21	0.32602	0.15305
1	20380	815.2	22	0.33586	0.72587
1	20380	815.2	23	0.24456	0.17458
1	20380	815.2	24	0.21859	0.40545
1	20380	815.2	25	0.8183	0.45854
1	20381	815.24	15	0.5188	0.15177
1	20381	815.24	16	0.52606	0.31158
1	20381	815.24	17	0.4803	0.4517
1	20381	815.24	18	0.37777	0.04919
1	20381	815.24	19	0.24779	0.08145
1	20381	815.24	20	0.39713	0.31087
1	20381	815.24	21	0.32511	0.15346
1	20381	815.24	22	0.3344	0.72542
1	20381	815.24	23	0.24422	0.1744
1	20381	815.24	24	0.21791	0.40639
1	20381	815.24	25	0.8178	0.45834
1	20382	815.28	15	0.51805	0.15196
1	20382	815.28	16	0.52547	0.3115
1	20382	815.28	17	0.48017	0.45184
1	20382	815.28	18	0.37663	0.04969
1	20382	815.28	19	0.24599	0.08312
1	20382	815.28	20	0.39636	0.31024
1	20382	815.28	21	0.32422	0.15392
1	20382	815.28	22	0.33296	0.72492
1	20382	815.28	23	0.24394	0.17441
1	20382	815.28	24	0.21725	0.4073
1	20382	815.28	25	0.81731	0.45812
1	20383	815.32	15	0.51728	0.1522
1	20383	815.32	16	0.52488	0.31144
1	20383	815.32	17	0.48002	0.45196
1	20383	815.32	18	0.37549	0.05025
1	20383	815.32	19	0.24424	0.08482
1	20383	815.32	20	0.39556	0.30953
1	20383	815.32	21	0.32335	0.15433
1	20383	815.32	22	0.33155	0.72435
1	20383	815.32	23	0.24365	0.17438
1	20383	815.32	24	0.21661	0.40818
1	20383	815.32	25	0.81683	0.45791
1	20384	815.36	15	0.5165	0.15236
1	20384	815.36	16	0.5243	0.31137
1	20384	815.36	17	0.47988	0.45205
1	20384	815.36	18	0.37436	0.05079
1	20384	815.36	19	0.24253	0.08648
1	20384	815.36	20	0.39475	0.3088
1	20384	815.36	21	0.32251	0.1547
1	20384	815.36	22	0.33016	0.72375
1	20384	815.36	23	0.24337	0.17433
1	20384	815.36	24	0.21597	0.40902
1	20384	815.36	25	0.8164	0.45762
1	20385	815.4	15	0.51571	0.1525
1	20385	815.4	16	0.52372	0.31127
1	20385	815.4	17	0.47976	0.45216
1	20385	815.4	18	0.37323	0.05122
1	20385	815.4	19	0.24083	0.08811
1	20385	815.4	20	0.39396	0.30814
1	20385	815.4	21	0.32169	0.15504
1	20385	815.4	22	0.32879	0.72307
1	20385	815.4	23	0.24307	0.17424
1	20385	815.4	24	0.21535	0.40988
1	20385	815.4	25	0.81599	0.45729
1	20386	815.44	15	0.51492	0.15255
1	20386	815.44	16	0.52315	0.31121
1	20386	815.44	17	0.47965	0.4522
1	20386	815.44	18	0.37211	0.05171
1	20386	815.44	19	0.23914	0.08963
1	20386	815.44	20	0.39317	0.3074
1	20386	815.44	21	0.32087	0.15527
1	20386	815.44	22	0.32745	0.72237
1	20386	815.44	23	0.2428	0.17411
1	20386	815.44	24	0.21476	0.4107
1	20386	815.44	25	0.81559	0.45696
1	20387	815.48	15	0.51411	0.15267
1	20387	815.48	16	0.52257	0.31113
1	20387	815.48	17	0.47954	0.45222
1	20387	815.48	18	0.37099	0.05218
1	20387	815.48	19	0.23747	0.09102
1	20387	815.48	20	0.39237	0.30669
1	20387	815.48	21	0.32005	0.1554
1	20387	815.48	22	0.32614	0.72163
1	20387	815.48	23	0.24252	0.17396
1	20387	815.48	24	0.21416	0.41144
1	20387	815.48	25	0.81521	0.45663
1	20388	815.52	15	0.51329	0.15277
1	20388	815.52	16	0.52201	0.31104
1	20388	815.52	17	0.47945	0.45221
1	20388	815.52	18	0.36987	0.05263
1	20388	815.52	19	0.23583	0.09237
1	20388	815.52	20	0.3916	0.30601
1	20388	815.52	21	0.31928	0.15556
1	20388	815.52	22	0.32485	0.72085
1	20388	815.52	23	0.24226	0.17393
1	20388	815.52	24	0.21355	0.41214
1	20388	815.52	25	0.81485	0.45629
1	20389	815.56	15	0.51249	0.15284
1	20389	815.56	16	0.52144	0.31097
1	20389	815.56	17	0.47938	0.45222
1	20389	815.56	18	0.36876	0.05315
1	20389	815.56	19	0.2342	0.09369
1	20389	815.56	20	0.39083	0.30535
1	20389	815.56	21	0.3185	0.15561
1	20389	815.56	22	0.32359	0.72002
1	20389	815.56	23	0.24198	0.17388
1	20389	815.56	24	0.21297	0.41281
1	20389	815.56	25	0.81447	0.45603
1	20390	815.6	15	0.51169	0.15275
1	20390	815.6	16	0.52089	0.31089
1	20390	815.6	17	0.4793	0.45225
1	20390	815.6	18	0.36764	0.05355
1	20390	815.6	19	0.23258	0.09489
1	20390	815.6	20	0.39007	0.30467
1	20390	815.6	21	0.31775	0.15563
1	20390	815.6	22	0.32235	0.71918
1	20390	815.6	23	0.2417	0.17379
1	20390	815.6	24	0.21238	0.41345
1	20390	815.6	25	0.81408	0.45581
1	20391	815.64	15	0.51087	0.15264
1	20391	815.64	16	0.52034	0.31073
1	20391	815.64	17	0.47925	0.45226
1	20391	815.64	18	0.36654	0.05403
1	20391	815.64	19	0.23099	0.09596
1	20391	815.64	20	0.38934	0.30408
1	20391	815.64	21	0.31701	0.15554
1	20391	815.64	22	0.32113	0.71827
1	20391	815.64	23	0.2414	0.17368
1	20391	815.64	24	0.2118	0.41399
1	20391	815.64	25	0.8137	0.45559
1	20392	815.68	15	0.51005	0.15253
1	20392	815.68	16	0.51979	0.31055
1	20392	815.68	17	0.47919	0.45229
1	20392	815.68	18	0.36544	0.05449
1	20392	815.68	19	0.22941	0.09694
1	20392	815.68	20	0.38864	0.30352
1	20392	815.68	21	0.31628	0.15542
1	20392	815.68	22	0.31995	0.71734
1	20392	815.68	23	0.24116	0.17368
1	20392	815.68	24	0.21123	0.41451
1	20392	815.68	25	0.81332	0.45537
1	20393	815.72	15	0.50921	0.1524
1	20393	815.72	16	0.51925	0.31041
1	20393	815.72	17	0.47915	0.45235
1	20393	815.72	18	0.36434	0.05484
1	20393	815.72	19	0.22787	0.09787
1	20393	815.72	20	0.38793	0.30293
1	20393	815.72	21	0.3156	0.15527
1	20393	815.72	22	0.31879	0.71637
1	20393	815.72	23	0.2409	0.17367
1	20393	815.72	24	0.21067	0.41499
1	20393	815.72	25	0.81294	0.45515
1	20394	815.76	15	0.50838	0.15225
1	20394	815.76	16	0.51872	0.31025
1	20394	815.76	17	0.47911	0.45243
1	20394	815.76	18	0.36327	0.05526
1	20394	815.76	19	0.22637	0.09877
1	20394	815.76	20	0.38722	0.30225
1	20394	815.76	21	0.31495	0.15515
1	20394	815.76	22	0.31767	0.71538
1	20394	815.76	23	0.24063	0.17363
1	20394	815.76	24	0.21015	0.41548
1	20394	815.76	25	0.81256	0.45499
1	20395	815.8	15	0.50755	0.15209
1	20395	815.8	16	0.5182	0.31006
1	20395	815.8	17	0.47906	0.4525
1	20395	815.8	18	0.3622	0.05566
1	20395	815.8	19	0.22489	0.09955
1	20395	815.8	20	0.38651	0.30154
1	20395	815.8	21	0.31431	0.15501
1	20395	815.8	22	0.31657	0.71435
1	20395	815.8	23	0.24035	0.17356
1	20395	815.8	24	0.20962	0.4159
1	20395	815.8	25	0.81217	0.45488
1	20396	815.84	15	0.50671	0.15191
1	20396	815.84	16	0.51769	0.30992
1	20396	815.84	17	0.47902	0.45259
1	20396	815.84	18	0.36112	0.05604
1	20396	815.84	19	0.22343	0.10021
1	20396	815.84	20	0.38581	0.30081
1	20396	815.84	21	0.31369	0.15475
1	20396	815.84	22	0.3155	0.71327
1	20396	815.84	23	0.24012	0.17362
1	20396	815.84	24	0.20911	0.41628
1	20396	815.84	25	0.81179	0.45478
1	20397	815.88	15	0.50589	0.15165
1	20397	815.88	16	0.51717	0.30977
1	20397	815.88	17	0.47898	0.45266
1	20397	815.88	18	0.36005	0.05649
1	20397	815.88	19	0.222	0.10075
1	20397	815.88	20	0.38512	0.30011
1	20397	815.88	21	0.3131	0.15438
1	20397	815.88	22	0.31446	0.71218
1	20397	815.88	23	0.23988	0.17365
1	20397	815.88	24	0.2086	0.41662
1	20397	815.88	25	0.81143	0.45467
1	20398	815.92	15	0.50507	0.15137
1	20398	815.92	16	0.51666	0.3096
1	20398	815.92	17	0.47893	0.45277
1	20398	815.92	18	0.35901	0.05692
1	20398	815.92	19	0.2206	0.10126
1	20398	815.92	20	0.38444	0.29939
1	20398	815.92	21	0.3125	0.154
1	20398	815.92	22	0.31346	0.71111
1	20398	815.92	23	0.23964	0.17358
1	20398	815.92	24	0.20809	0.41689
1	20398	815.92	25	0.81109	0.45456
1	20399	815.96	15	0.50426	0.15107
1	20399	815.96	16	0.51616	0.30941
1	20399	815.96	17	0.47888	0.45286
1	20399	815.96	18	0.35798	0.05732
1	20399	815.96	19	0.21924	0.10165
1	20399	815.96	20	0.38375	0.29858
1	20399	815.96	21	0.31194	0.15365
1	20399	815.96	22	0.31249	0.70999
1	20399	815.96	23	0.23941	0.17356
1	20399	815.96	24	0.20759	0.41712
1	20399	815.96	25	0.81077	0.45438
1	20400	816.0	15	0.50345	0.15069
1	20400	816.0	16	0.51567	0.3092
1	20400	816.0	17	0.47883	0.45298
1	20400	816.0	18	0.35696	0.05771
1	20400	816.0	19	0.21792	0.10191
1	20400	816.0	20	0.38308	0.29781
1	20400	816.0	21	0.31139	0.15319
1	20400	816.0	22	0.31155	0.70882
1	20400	816.0	23	0.23919	0.17351
1	20400	816.0	24	0.20711	0.41732
1	20400	816.0	25	0.81046	0.45418
1	20401	816.04	15	0.50264	0.15029
1	20401	816.04	16	0.51518	0.30897
1	20401	816.04	17	0.47878	0.45314
1	20401	816.04	18	0.35595	0.05809
1	20401	816.04	19	0.21666	0.10214
1	20401	816.04	20	0.38241	0.29694
1	20401	816.04	21	0.31086	0.15271
1	20401	816.04	22	0.31064	0.70768
1	20401	816.04	23	0.23898	0.17343
1	20401	816.04	24	0.20666	0.41754
1	20401	816.04	25	0.81014	0.45405
1	20402	816.08	15	0.50183	0.14988
1	20402	816.08	16	0.51472	0.30872
1	20402	816.08	17	0.47875	0.45323
1	20402	816.08	18	0.35496	0.05845
1	20402	816.08	19	0.21539	0.10218
1	20402	816.08	20	0.38176	0.29611
1	20402	816.08	21	0.31035	0.1522
1	20402	816.08	22	0.30978	0.70652
1	20402	816.08	23	0.23878	0.17342
1	20402	816.08	24	0.20621	0.41774
1	20402	816.08	25	0.80982	0.45394
1	20403	816.12	15	0.50102	0.14947
1	20403	816.12	16	0.51426	0.3084
1	20403	816.12	17	0.47871	0.4533
1	20403	816.12	18	0.35398	0.05887
1	20403	816.12	19	0.21418	0.10218
1	20403	816.12	20	0.38112	0.29525
1	20403	816.12	21	0.30986	0.15158
1	20403	816.12	22	0.30894	0.70532
1	20403	816.12	23	0.23859	0.17338
1	20403	816.12	24	0.20574	0.41786
1	20403	816.12	25	0.80951	0.45383
1	20404	816.16	15	0.50021	0.14904
1	20404	816.16	16	0.51383	0.30805
1	20404	816.16	17	0.47868	0.45336
1	20404	816.16	18	0.35303	0.05928
1	20404	816.16	19	0.213	0.10206
1	20404	816.16	20	0.38049	0.29437
1	20404	816.16	21	0.30937	0.15086
1	20404	816.16	22	0.30814	0.70411
1	20404	816.16	23	0.23836	0.17325
1	20404	816.16	24	0.2053	0.41799
1	20404	816.16	25	0.80922	0.45372
1	20405	816.2	15	0.49941	0.1486
1	20405	816.2	16	0.5134	0.30769
1	20405	816.2	17	0.47866	0.4535
1	20405	816.2	18	0.3521	0.05966
1	20405	816.2	19	0.21188	0.10191
1	20405	816.2	20	0.37988	0.29353
1	20405	816.2	21	0.30891	0.15011
1	20405	816.2	22	0.30738	0.70288
1	20405	816.2	23	0.23814	0.17318
1	20405	816.2	24	0.2049	0.41809
1	20405	816.2	25	0.80895	0.45361
1	20406	816.24	15	0.49862	0.14807
1	20406	816.24	16	0.513	0.30732
1	20406	816.24	17	0.47864	0.45362
1	20406	816.24	18	0.3512	0.06004
1	20406	816.24	19	0.21084	0.10171
1	20406	816.24	20	0.37929	0.29265
1	20406	816.24	21	0.30848	0.14933
1	20406	816.24	22	0.30666	0.70163
1	20406	816.24	23	0.23793	0.17308
1	20406	816.24	24	0.2045	0.41817
1	20406	816.24	25	0.80869	0.4535
1	20407	816.28	15	0.49783	0.14753
1	20407	816.28	16	0.51259	0.30692
1	20407	816.28	17	0.47862	0.45369
1	20407	816.28	18	0.35031	0.0604
1	20407	816.28	19	0.20983	0.10139
1	20407	816.28	20	0.37872	0.29189
1	20407	816.28	21	0.30808	0.14853
1	20407	816.28	22	0.30598	0.70035
1	20407	816.28	23	0.23772	0.17297
1	20407	816.28	24	0.20411	0.41816
1	20407	816.28	25	0.80845	0.45335
1	20408	816.32	15	0.49704	0.14698
1	20408	816.32	16	0.5122	0.30652
1	20408	816.32	17	0.47862	0.45374
1	20408	816.32	18	0.34941	0.06076
1	20408	816.32	19	0.20888	0.10092
1	20408	816.32	20	0.37816	0.29104
1	20408	816.32	21	0.30772	0.14769
1	20408	816.32	22	0.30533	0.69908
1	20408	816.32	23	0.2375	0.17285
1	20408	816.32	24	0.20372	0.41813
1	20408	816.32	25	0.80822	0.45312
1	20409	816.36	15	0.49626	0.14642
1	20409	816.36	16	0.51183	0.30615
1	20409	816.36	17	0.47862	0.45377
1	20409	816.36	18	0.34854	0.06111
1	20409	816.36	19	0.20799	0.10033
1	20409	816.36	20	0.37762	0.29023
1	20409	816.36	21	0.3074	0.14691
1	20409	816.36	22	0.30471	0.69778
1	20409	816.36	23	0.23727	0.17271
1	20409	816.36	24	0.20334	0.41802
1	20409	816.36	25	0.80798	0.45297
1	20410	816.4	15	0.49547	0.14586
1	20410	816.4	16	0.51146	0.30578
1	20410	816.4	17	0.47864	0.45379
1	20410	816.4	18	0.34768	0.06134
1	20410	816.4	19	0.20715	0.09971
1	20410	816.4	20	0.37709	0.28946
1	20410	816.4	21	0.3071	0.14602
1	20410	816.4	22	0.30413	0.69646
1	20410	816.4	23	0.23702	0.17249
1	20410	816.4	24	0.20297	0.41787
1	20410	816.4	25	0.80773	0.45286
1	20411	816.44	15	0.49469	0.14521
1	20411	816.44	16	0.51111	0.30533
1	20411	816.44	17	0.47866	0.45379
1	20411	816.44	18	0.34685	0.06155
1	20411	816.44	19	0.20636	0.09897
1	20411	816.44	20	0.37659	0.28875
1	20411	816.44	21	0.30681	0.14504
1	20411	816.44	22	0.30356	0.69511
1	20411	816.44	23	0.23678	0.17225
1	20411	816.44	24	0.20265	0.41775
1	20411	816.44	25	0.8075	0.45275
1	20412	816.48	15	0.49391	0.14448
1	20412	816.48	16	0.51078	0.30486
1	20412	816.48	17	0.4787	0.45378
1	20412	816.48	18	0.34605	0.06176
1	20412	816.48	19	0.20562	0.09819
1	20412	816.48	20	0.37611	0.28807
1	20412	816.48	21	0.30657	0.1441
1	20412	816.48	22	0.30302	0.69375
1	20412	816.48	23	0.23654	0.17199
1	20412	816.48	24	0.2023	0.41749
1	20412	816.48	25	0.80728	0.45264
1	20413	816.52	15	0.49312	0.14374
1	20413	816.52	16	0.51046	0.30439
1	20413	816.52	17	0.47876	0.4538
1	20413	816.52	18	0.34529	0.06196
1	20413	816.52	19	0.20496	0.09737
1	20413	816.52	20	0.37564	0.28738
1	20413	816.52	21	0.30637	0.14322
1	20413	816.52	22	0.30253	0.69238
1	20413	816.52	23	0.23632	0.17172
1	20413	816.52	24	0.20198	0.41721
1	20413	816.52	25	0.80705	0.45253
1	20414	816.56	15	0.49234	0.14307
1	20414	816.56	16	0.51015	0.30389
1	20414	816.56	17	0.47882	0.4538
1	20414	816.56	18	0.34452	0.06205
1	20414	816.56	19	0.20433	0.09643
1	20414	816.56	20	0.37519	0.28674
1	20414	816.56	21	0.30617	0.14216
1	20414	816.56	22	0.30207	0.69104
1	20414	816.56	23	0.2361	0.17143
1	20414	816.56	24	0.20167	0.4169
1	20414	816.56	25	0.80683	0.45242
1	20415	816.6	15	0.49155	0.14233
1	20415	816.6	16	0.50986	0.30345
1	20415	816.6	17	0.47891	0.45384
1	20415	816.6	18	0.34376	0.06205
1	20415	816.6	19	0.2041	0.09631
1	20415	816.6	20	0.37478	0.28614
1	20415	816.6	21	0.30599	0.14117
1	20415	816.6	22	0.30164	0.68962
1	20415	816.6	23	0.2359	0.17113
1	20415	816.6	24	0.20139	0.41658
1	20415	816.6	25	0.80661	0.45231
1	20416	816.64	15	0.49076	0.14159
1	20416	816.64	16	0.5096	0.30311
1	20416	816.64	17	0.47901	0.45381
1	20416	816.64	18	0.34301	0.06195
1	20416	816.64	19	0.20388	0.09598
1	20416	816.64	20	0.37439	0.28552
1	20416	816.64	21	0.30583	0.14008
1	20416	816.64	22	0.30125	0.68827
1	20416	816.64	23	0.23569	0.17082
1	20416	816.64	24	0.20111	0.41616
1	20416	816.64	25	0.80638	0.4522
1	20417	816.68	15	0.48997	0.14084
1	20417	816.68	16	0.50936	0.30276
1	20417	816.68	17	0.47913	0.45382
1	20417	816.68	18	0.3423	0.06183
1	20417	816.68	19	0.20366	0.09534
1	20417	816.68	20	0.37402	0.28495
1	20417	816.68	21	0.30567	0.13889
1	20417	816.68	22	0.3009	0.68691
1	20417	816.68	23	0.23549	0.17049
1	20417	816.68	24	0.20085	0.41573
1	20417	816.68	25	0.80617	0.45204
1	20418	816.72	15	0.48916	0.14002
1	20418	816.72	16	0.50914	0.3024
1	20418	816.72	17	0.47927	0.45386
1	20418	816.72	18	0.34162	0.06171
1	20418	816.72	19	0.20348	0.09449
1	20418	816.72	20	0.37368	0.28442
1	20418	816.72	21	0.30554	0.13776
1	20418	816.72	22	0.30058	0.68555
1	20418	816.72	23	0.23533	0.17032
1	20418	816.72	24	0.20061	0.41526
1	20418	816.72	25	0.80598	0.45182
1	20419	816.76	15	0.48835	0.1392
1	20419	816.76	16	0.50894	0.30203
1	20419	816.76	17	0.4794	0.4539
1	20419	816.76	18	0.34096	0.06157
1	20419	816.76	19	0.20335	0.09341
1	20419	816.76	20	0.37337	0.28395
1	20419	816.76	21	0.30543	0.13663
1	20419	816.76	22	0.30031	0.68419
1	20419	816.76	23	0.23518	0.17014
1	20419	816.76	24	0.2004	0.41484
1	20419	816.76	25	0.80579	0.45152
1	20420	816.8	15	0.48754	0.1383
1	20420	816.8	16	0.50876	0.30171
1	20420	816.8	17	0.47956	0.45392
1	20420	816.8	18	0.34032	0.06143
1	20420	816.8	19	0.20321	0.09192
1	20420	816.8	20	0.37309	0.28353
1	20420	816.8	21	0.30531	0.13548
1	20420	816.8	22	0.30007	0.68287
1	20420	816.8	23	0.23507	0.16984
1	20420	816.8	24	0.20021	0.41439
1	20420	816.8	25	0.80562	0.45119
1	20421	816.84	15	0.48672	0.13739
1	20421	816.84	16	0.5086	0.30137
1	20421	816.84	17	0.47973	0.45392
1	20421	816.84	18	0.3397	0.06129
1	20421	816.84	19	0.20315	0.09049
1	20421	816.84	20	0.37282	0.28309
1	20421	816.84	21	0.30521	0.13433
1	20421	816.84	22	0.29986	0.68151
1	20421	816.84	23	0.23496	0.16955
1	20421	816.84	24	0.20004	0.41391
1	20421	816.84	25	0.80545	0.45085
1	20422	816.88	15	0.4859	0.13657
1	20422	816.88	16	0.50846	0.30103
1	20422	816.88	17	0.47992	0.45392
1	20422	816.88	18	0.33908	0.06105
1	20422	816.88	19	0.20316	0.08903
1	20422	816.88	20	0.37259	0.28271
1	20422	816.88	21	0.30512	0.13326
1	20422	816.88	22	0.2997	0.68018
1	20422	816.88	23	0.2349	0.1694
1	20422	816.88	24	0.19991	0.41348
1	20422	816.88	25	0.80529	0.45051
1	20423	816.92	15	0.4851	0.13575
1	20423	816.92	16	0.50834	0.30068
1	20423	816.92	17	0.48012	0.45391
1	20423	816.92	18	0.3385	0.0608
1	20423	816.92	19	0.20326	0.08763
1	20423	816.92	20	0.37239	0.28237
1	20423	816.92	21	0.30503	0.13218
1	20423	816.92	22	0.29958	0.67885
1	20423	816.92	23	0.23484	0.16933
1	20423	816.92	24	0.1998	0.41309
1	20423	816.92	25	0.80513	0.45018
1	20424	816.96	15	0.48429	0.13492
1	20424	816.96	16	0.50825	0.30031
1	20424	816.96	17	0.48033	0.45388
1	20424	816.96	18	0.33793	0.06054
1	20424	816.96	19	0.20343	0.08629
1	20424	816.96	20	0.37225	0.28215
1	20424	816.96	21	0.30494	0.1311
1	20424	816.96	22	0.2995	0.67756
1	20424	816.96	23	0.23482	0.16924
1	20424	816.96	24	0.19971	0.41268
1	20424	816.96	25	0.80496	0.44984
1	20425	817.0	15	0.48346	0.1341
1	20425	817.0	16	0.50819	0.3
1	20425	817.0	17	0.48055	0.4539
1	20425	817.0	18	0.33739	0.06027
1	20425	817.0	19	0.20368	0.08492
1	20425	817.0	20	0.37214	0.28192
1	20425	817.0	21	0.30486	0.1301
1	20425	817.0	22	0.29945	0.67628
1	20425	817.0	23	0.23481	0.16923
1	20425	817.0	24	0.19964	0.41224
1	20425	817.0	25	0.80479	0.44952
1	20426	817.04	15	0.48265	0.13318
1	20426	817.04	16	0.50812	0.29967
1	20426	817.04	17	0.4808	0.45389
1	20426	817.04	18	0.3369	0.06007
1	20426	817.04	19	0.20398	0.08342
1	20426	817.04	20	0.37207	0.28172
1	20426	817.04	21	0.30478	0.12908
1	20426	817.04	22	0.29944	0.67503
1	20426	817.04	23	0.23487	0.16917
1	20426	817.04	24	0.19961	0.41184
1	20426	817.04	25	0.80461	0.44928
1	20427	817.08	15	0.48181	0.13219
1	20427	817.08	16	0.50808	0.29933
1	20427	817.08	17	0.48108	0.45387
1	20427	817.08	18	0.3364	0.05978
1	20427	817.08	19	0.20438	0.08196
1	20427	817.08	20	0.372	0.2815
1	20427	817.08	21	0.30471	0.12814
1	20427	817.08	22	0.29947	0.67378
1	20427	817.08	23	0.23489	0.16894
1	20427	817.08	24	0.1996	0.4114
1	20427	817.08	25	0.80441	0.44905
1	20428	817.12	15	0.48096	0.13119
1	20428	817.12	16	0.50806	0.29897
1	20428	817.12	17	0.48139	0.45381
1	20428	817.12	18	0.33594	0.05956
1	20428	817.12	19	0.20484	0.08045
1	20428	817.12	20	0.372	0.28147
1	20428	817.12	21	0.30464	0.12727
1	20428	817.12	22	0.29954	0.67256
1	20428	817.12	23	0.23496	0.16868
1	20428	817.12	24	0.19961	0.41093
1	20428	817.12	25	0.8042	0.44883
1	20429	817.16	15	0.48011	0.13025
1	20429	817.16	16	0.50807	0.29864
1	20429	817.16	17	0.4817	0.45374
1	20429	817.16	18	0.33549	0.05922
1	20429	817.16	19	0.20534	0.07891
1	20429	817.16	20	0.372	0.28141
1	20429	817.16	21	0.30459	0.12656
1	20429	817.16	22	0.29963	0.67134
1	20429	817.16	23	0.23504	0.16839
1	20429	817.16	24	0.19966	0.41041
1	20429	817.16	25	0.80397	0.44867
1	20430	817.2	15	0.47925	0.1293
1	20430	817.2	16	0.50809	0.29831
1	20430	817.2	17	0.48203	0.4537
1	20430	817.2	18	0.33504	0.05896
1	20430	817.2	19	0.20593	0.0774
1	20430	817.2	20	0.37202	0.2814
1	20430	817.2	21	0.30455	0.12583
1	20430	817.2	22	0.29975	0.67015
1	20430	817.2	23	0.23517	0.16816
1	20430	817.2	24	0.19972	0.40986
1	20430	817.2	25	0.80373	0.44856
1	20431	817.24	15	0.4784	0.12842
1	20431	817.24	16	0.50814	0.29794
1	20431	817.24	17	0.48237	0.45368
1	20431	817.24	18	0.33461	0.05868
1	20431	817.24	19	0.20661	0.07594
1	20431	817.24	20	0.37209	0.2815
1	20431	817.24	21	0.30453	0.12506
1	20431	817.24	22	0.29993	0.66895
1	20431	817.24	23	0.2353	0.1679
1	20431	817.24	24	0.19977	0.40929
1	20431	817.24	25	0.80348	0.44845
1	20432	817.28	15	0.47754	0.12744
1	20432	817.28	16	0.50822	0.29754
1	20432	817.28	17	0.48274	0.45369
1	20432	817.28	18	0.33421	0.05837
1	20432	817.28	19	0.20734	0.07453
1	20432	817.28	20	0.37218	0.28163
1	20432	817.28	21	0.30451	0.12427
1	20432	817.28	22	0.30011	0.66775
1	20432	817.28	23	0.23541	0.16771
1	20432	817.28	24	0.19989	0.40878
1	20432	817.28	25	0.80324	0.44834
1	20433	817.32	15	0.47667	0.12644
1	20433	817.32	16	0.50831	0.29719
1	20433	817.32	17	0.48311	0.45368
1	20433	817.32	18	0.33382	0.05804
1	20433	817.32	19	0.20814	0.07316
1	20433	817.32	20	0.37227	0.28168
1	20433	817.32	21	0.30452	0.12353
1	20433	817.32	22	0.30035	0.66657
1	20433	817.32	23	0.23552	0.16733
1	20433	817.32	24	0.20004	0.40823
1	20433	817.32	25	0.803	0.44823
1	20434	817.36	15	0.47578	0.12551
1	20434	817.36	16	0.50842	0.29681
1	20434	817.36	17	0.48349	0.45369
1	20434	817.36	18	0.33344	0.05769
1	20434	817.36	19	0.20901	0.07183
1	20434	817.36	20	0.37237	0.28176
1	20434	817.36	21	0.30455	0.12285
1	20434	817.36	22	0.30062	0.66542
1	20434	817.36	23	0.23562	0.16692
1	20434	817.36	24	0.20022	0.4077
1	20434	817.36	25	0.80277	0.44811
1	20435	817.4	15	0.47488	0.12465
1	20435	817.4	16	0.50856	0.29641
1	20435	817.4	17	0.48389	0.45373
1	20435	817.4	18	0.33309	0.0575
1	20435	817.4	19	0.20998	0.07064
1	20435	817.4	20	0.37247	0.28183
1	20435	817.4	21	0.30459	0.12214
1	20435	817.4	22	0.30096	0.66433
1	20435	817.4	23	0.23576	0.16655
1	20435	817.4	24	0.20041	0.40713
1	20435	817.4	25	0.80255	0.448
1	20436	817.44	15	0.47398	0.12377
1	20436	817.44	16	0.50871	0.2961
1	20436	817.44	17	0.48429	0.4538
1	20436	817.44	18	0.33273	0.0571
1	20436	817.44	19	0.21097	0.06942
1	20436	817.44	20	0.37259	0.28186
1	20436	817.44	21	0.30463	0.1214
1	20436	817.44	22	0.30134	0.66327
1	20436	817.44	23	0.2359	0.16624
1	20436	817.44	24	0.20064	0.40657
1	20436	817.44	25	0.80234	0.44789
1	20437	817.48	15	0.47306	0.12287
1	20437	817.48	16	0.50889	0.29577
1	20437	817.48	17	0.48471	0.45384
1	20437	817.48	18	0.33239	0.05676
1	20437	817.48	19	0.21203	0.06823
1	20437	817.48	20	0.3727	0.28187
1	20437	817.48	21	0.3047	0.12063
1	20437	817.48	22	0.30172	0.66217
1	20437	817.48	23	0.23602	0.16574
1	20437	817.48	24	0.20089	0.40595
1	20437	817.48	25	0.80214	0.44778
1	20438	817.52	15	0.47214	0.12204
1	20438	817.52	16	0.50907	0.29548
1	20438	817.52	17	0.48514	0.4539
1	20438	817.52	18	0.33206	0.0565
1	20438	817.52	19	0.21312	0.06701
1	20438	817.52	20	0.37282	0.28192
1	20438	817.52	21	0.30477	0.11991
1	20438	817.52	22	0.30215	0.66109
1	20438	817.52	23	0.23613	0.1653
1	20438	817.52	24	0.20117	0.40536
1	20438	817.52	25	0.80195	0.44767
1	20439	817.56	15	0.4712	0.12128
1	20439	817.56	16	0.50927	0.29516
1	20439	817.56	17	0.48558	0.45393
1	20439	817.56	18	0.33174	0.05621
1	20439	817.56	19	0.21427	0.06584
1	20439	817.56	20	0.37297	0.282
1	20439	817.56	21	0.30489	0.11925
1	20439	817.56	22	0.30261	0.66
1	20439	817.56	23	0.23626	0.16482
1	20439	817.56	24	0.20147	0.40472
1	20439	817.56	25	0.80177	0.44749
1	20440	817.6	15	0.47023	0.1205
1	20440	817.6	16	0.50948	0.29488
1	20440	817.6	17	0.48603	0.45398
1	20440	817.6	18	0.33144	0.05599
1	20440	817.6	19	0.21546	0.06462
1	20440	817.6	20	0.37312	0.28205
1	20440	817.6	21	0.30495	0.11831
1	20440	817.6	22	0.3031	0.65893
1	20440	817.6	23	0.23643	0.16429
1	20440	817.6	24	0.2018	0.40409
1	20440	817.6	25	0.80162	0.44724
1	20441	817.64	15	0.46924	0.11971
1	20441	817.64	16	0.50971	0.29457
1	20441	817.64	17	0.4865	0.45406
1	20441	817.64	18	0.33113	0.05574
1	20441	817.64	19	0.21669	0.06345
1	20441	817.64	20	0.3733	0.28213
1	20441	817.64	21	0.30503	0.11745
1	20441	817.64	22	0.30364	0.6579
1	20441	817.64	23	0.2366	0.16364
1	20441	817.64	24	0.20214	0.40341
1	20441	817.64	25	0.8015	0.44692
1	20442	817.68	15	0.46822	0.119
1	20442	817.68	16	0.50998	0.29428
1	20442	817.68	17	0.48698	0.4541
1	20442	817.68	18	0.33082	0.05538
1	20442	817.68	19	0.21798	0.06234
1	20442	817.68	20	0.37351	0.28225
1	20442	817.68	21	0.30512	0.11671
1	20442	817.68	22	0.30421	0.65688
1	20442	817.68	23	0.2368	0.16313
1	20442	817.68	24	0.20256	0.4028
1	20442	817.68	25	0.80139	0.44658
1	20443	817.72	15	0.46718	0.11827
1	20443	817.72	16	0.51026	0.29397
1	20443	817.72	17	0.48749	0.45416
1	20443	817.72	18	0.33054	0.05518
1	20443	817.72	19	0.21928	0.06118
1	20443	817.72	20	0.37371	0.28234
1	20443	817.72	21	0.30524	0.11608
1	20443	817.72	22	0.30481	0.65586
1	20443	817.72	23	0.237	0.16259
1	20443	817.72	24	0.20299	0.40214
1	20443	817.72	25	0.8013	0.44624
1	20444	817.76	15	0.4661	0.11753
1	20444	817.76	16	0.51056	0.29363
1	20444	817.76	17	0.488	0.45424
1	20444	817.76	18	0.33026	0.05495
1	20444	817.76	19	0.22066	0.06008
1	20444	817.76	20	0.37395	0.28245
1	20444	817.76	21	0.30536	0.1156
1	20444	817.76	22	0.30544	0.65487
1	20444	817.76	23	0.23716	0.16212
1	20444	817.76	24	0.20343	0.40144
1	20444	817.76	25	0.80119	0.44597
1	20445	817.8	15	0.465	0.11686
1	20445	817.8	16	0.51087	0.29333
1	20445	817.8	17	0.48854	0.45439
1	20445	817.8	18	0.32994	0.05461
1	20445	817.8	19	0.22206	0.05905
1	20445	817.8	20	0.37421	0.2826
1	20445	817.8	21	0.30547	0.1153
1	20445	817.8	22	0.30611	0.6539
1	20445	817.8	23	0.23732	0.16162
1	20445	817.8	24	0.20393	0.4008
1	20445	817.8	25	0.80108	0.44577
1	20446	817.84	15	0.4639	0.11625
1	20446	817.84	16	0.51121	0.29299
1	20446	817.84	17	0.48909	0.4544
1	20446	817.84	18	0.32963	0.05425
1	20446	817.84	19	0.22349	0.05797
1	20446	817.84	20	0.37451	0.28285
1	20446	817.84	21	0.30553	0.1151
1	20446	817.84	22	0.3068	0.65293
1	20446	817.84	23	0.23748	0.16109
1	20446	817.84	24	0.20444	0.40012
1	20446	817.84	25	0.80096	0.44563
1	20447	817.88	15	0.46277	0.11564
1	20447	817.88	16	0.51155	0.2927
1	20447	817.88	17	0.48965	0.45449
1	20447	817.88	18	0.32932	0.05397
1	20447	817.88	19	0.22498	0.05695
1	20447	817.88	20	0.37481	0.28314
1	20447	817.88	21	0.3055	0.11489
1	20447	817.88	22	0.30751	0.65195
1	20447	817.88	23	0.23764	0.16043
1	20447	817.88	24	0.205	0.39944
1	20447	817.88	25	0.80087	0.44547
1	20448	817.92	15	0.4616	0.11502
1	20448	817.92	16	0.51192	0.29244
1	20448	817.92	17	0.49023	0.4546
1	20448	817.92	18	0.32902	0.05365
1	20448	817.92	19	0.22652	0.05599
1	20448	817.92	20	0.37512	0.28333
1	20448	817.92	21	0.30543	0.11494
1	20448	817.92	22	0.30825	0.651
1	20448	817.92	23	0.23777	0.16003
1	20448	817.92	24	0.20559	0.39878
1	20448	817.92	25	0.80083	0.44524
1	20449	817.96	15	0.4604	0.11439
1	20449	817.96	16	0.51228	0.29223
1	20449	817.96	17	0.49082	0.45473
1	20449	817.96	18	0.32877	0.0534
1	20449	817.96	19	0.22807	0.055
1	20449	817.96	20	0.37545	0.28356
1	20449	817.96	21	0.30527	0.11499
1	20449	817.96	22	0.30901	0.65008
1	20449	817.96	23	0.23796	0.15967
1	20449	817.96	24	0.20621	0.39814
1	20449	817.96	25	0.80081	0.44502
1	20450	818.0	15	0.45919	0.11383
1	20450	818.0	16	0.51265	0.29193
1	20450	818.0	17	0.49142	0.45482
1	20450	818.0	18	0.32854	0.05322
1	20450	818.0	19	0.22967	0.05408
1	20450	818.0	20	0.37581	0.28388
1	20450	818.0	21	0.30508	0.11502
1	20450	818.0	22	0.3098	0.64915
1	20450	818.0	23	0.2381	0.15939
1	20450	818.0	24	0.20686	0.39751
1	20450	818.0	25	0.80081	0.44479
1	20451	818.04	15	0.45794	0.11335
1	20451	818.04	16	0.51302	0.29167
1	20451	818.04	17	0.49203	0.45489
1	20451	818.04	18	0.32834	0.05301
1	20451	818.04	19	0.23126	0.05314
1	20451	818.04	20	0.37619	0.28425
1	20451	818.04	21	0.30491	0.11557
1	20451	818.04	22	0.31062	0.6483
1	20451	818.04	23	0.23827	0.15907
1	20451	818.04	24	0.20752	0.39677
1	20451	818.04	25	0.80083	0.44456
1	20452	818.08	15	0.45667	0.11286
1	20452	818.08	16	0.51342	0.29145
1	20452	818.08	17	0.49265	0.45499
1	20452	818.08	18	0.32818	0.05287
1	20452	818.08	19	0.23291	0.05247
1	20452	818.08	20	0.37658	0.28459
1	20452	818.08	21	0.30476	0.11592
1	20452	818.08	22	0.31148	0.64747
1	20452	818.08	23	0.23841	0.15874
1	20452	818.08	24	0.20821	0.39605
1	20452	818.08	25	0.80086	0.44438
1	20453	818.12	15	0.45537	0.11246
1	20453	818.12	16	0.51383	0.29121
1	20453	818.12	17	0.49329	0.45505
1	20453	818.12	18	0.32809	0.05278
1	20453	818.12	19	0.2346	0.05187
1	20453	818.12	20	0.37698	0.2849
1	20453	818.12	21	0.30471	0.11623
1	20453	818.12	22	0.31237	0.64664
1	20453	818.12	23	0.23861	0.15835
1	20453	818.12	24	0.20893	0.39528
1	20453	818.12	25	0.80089	0.44426
1	20454	818.16	15	0.45404	0.11205
1	20454	818.16	16	0.51423	0.29102
1	20454	818.16	17	0.49393	0.45513
1	20454	818.16	18	0.32805	0.05276
1	20454	818.16	19	0.2363	0.05135
1	20454	818.16	20	0.37741	0.28525
1	20454	818.16	21	0.30477	0.11647
1	20454	818.16	22	0.31326	0.64581
1	20454	818.16	23	0.23882	0.15821
1	20454	818.16	24	0.20967	0.39454
1	20454	818.16	25	0.80094	0.44415
1	20455	818.2	15	0.4527	0.11172
1	20455	818.2	16	0.51466	0.29081
1	20455	818.2	17	0.49458	0.45524
1	20455	818.2	18	0.32811	0.0529
1	20455	818.2	19	0.23804	0.05082
1	20455	818.2	20	0.37784	0.2855
1	20455	818.2	21	0.30493	0.1164
1	20455	818.2	22	0.31419	0.64502
1	20455	818.2	23	0.23908	0.15804
1	20455	818.2	24	0.21046	0.39387
1	20455	818.2	25	0.80099	0.44406
1	20456	818.24	15	0.45136	0.11155
1	20456	818.24	16	0.51509	0.29064
1	20456	818.24	17	0.49523	0.45538
1	20456	818.24	18	0.32824	0.05309
1	20456	818.24	19	0.2398	0.05037
1	20456	818.24	20	0.37827	0.28573
1	20456	818.24	21	0.3053	0.1159
1	20456	818.24	22	0.31514	0.64422
1	20456	818.24	23	0.23935	0.15784
1	20456	818.24	24	0.21126	0.39311
1	20456	818.24	25	0.80103	0.44403
1	20457	818.28	15	0.45001	0.11137
1	20457	818.28	16	0.51553	0.29052
1	20457	818.28	17	0.49588	0.45555
1	20457	818.28	18	0.32844	0.05325
1	20457	818.28	19	0.2416	0.05
1	20457	818.28	20	0.37873	0.28593
1	20457	818.28	21	0.30567	0.114
1	20457	818.28	22	0.31612	0.64346
1	20457	818.28	23	0.23964	0.15761
1	20457	818.28	24	0.21211	0.39243
1	20457	818.28	25	0.80108	0.44403
1	20458	818.32	15	0.44865	0.11119
1	20458	818.32	16	0.51597	0.29039
1	20458	818.32	17	0.49653	0.45571
1	20458	818.32	18	0.32874	0.05356
1	20458	818.32	19	0.24339	0.04962
1	20458	818.32	20	0.3792	0.28618
1	20458	818.32	21	0.30625	0.1132
1	20458	818.32	22	0.31713	0.64273
1	20458	818.32	23	0.23994	0.15745
1	20458	818.32	24	0.21297	0.39165
1	20458	818.32	25	0.80113	0.44403
1	20459	818.36	15	0.44728	0.1111
1	20459	818.36	16	0.51642	0.29025
1	20459	818.36	17	0.49718	0.45589
1	20459	818.36	18	0.32911	0.05395
1	20459	818.36	19	0.24521	0.04924
1	20459	818.36	20	0.37969	0.28641
1	20459	818.36	21	0.30674	0.11173
1	20459	818.36	22	0.31815	0.64197
1	20459	818.36	23	0.24028	0.15727
1	20459	818.36	24	0.21385	0.39083
1	20459	818.36	25	0.8012	0.44403
1	20460	818.4	15	0.4459	0.11099
1	20460	818.4	16	0.51686	0.29017
1	20460	818.4	17	0.49783	0.4561
1	20460	818.4	18	0.32957	0.05449
1	20460	818.4	19	0.24675	0.04812
1	20460	818.4	20	0.38017	0.28662
1	20460	818.4	21	0.30764	0.11102
1	20460	818.4	22	0.3192	0.64125
1	20460	818.4	23	0.24062	0.15725
1	20460	818.4	24	0.21475	0.38998
1	20460	818.4	25	0.80129	0.44403
1	20461	818.44	15	0.44453	0.11097
1	20461	818.44	16	0.5173	0.29
1	20461	818.44	17	0.49847	0.45635
1	20461	818.44	18	0.33012	0.05519
1	20461	818.44	19	0.24835	0.0472
1	20461	818.44	20	0.38067	0.28689
1	20461	818.44	21	0.30905	0.11263
1	20461	818.44	22	0.32027	0.64053
1	20461	818.44	23	0.24101	0.15721
1	20461	818.44	24	0.21569	0.38916
1	20461	818.44	25	0.80139	0.44403
1	20462	818.48	15	0.44318	0.11094
1	20462	818.48	16	0.51774	0.28983
1	20462	818.48	17	0.49911	0.45663
1	20462	818.48	18	0.33075	0.05596
1	20462	818.48	19	0.24999	0.04647
1	20462	818.48	20	0.38118	0.28706
1	20462	818.48	21	0.31068	0.10928
1	20462	818.48	22	0.32135	0.63978
1	20462	818.48	23	0.24139	0.15707
1	20462	818.48	24	0.21665	0.3883
1	20462	818.48	25	0.8015	0.44403
1	20463	818.52	15	0.44183	0.11099
1	20463	818.52	16	0.51819	0.28972
1	20463	818.52	17	0.49973	0.4569
1	20463	818.52	18	0.33147	0.0568
1	20463	818.52	19	0.25169	0.04594
1	20463	818.52	20	0.3817	0.28729
1	20463	818.52	21	0.31231	0.10592
1	20463	818.52	22	0.32245	0.63907
1	20463	818.52	23	0.2418	0.15682
1	20463	818.52	24	0.21763	0.38742
1	20463	818.52	25	0.80161	0.44403
1	20464	818.56	15	0.44051	0.11104
1	20464	818.56	16	0.51863	0.28961
1	20464	818.56	17	0.50035	0.45721
1	20464	818.56	18	0.33229	0.0577
1	20464	818.56	19	0.25342	0.04571
1	20464	818.56	20	0.38221	0.28752
1	20464	818.56	21	0.31396	0.10253
1	20464	818.56	22	0.32355	0.63833
1	20464	818.56	23	0.24218	0.15658
1	20464	818.56	24	0.21865	0.3865
1	20464	818.56	25	0.80175	0.44403
1	20465	818.6	15	0.43922	0.11125
1	20465	818.6	16	0.51906	0.28942
1	20465	818.6	17	0.50094	0.45756
1	20465	818.6	18	0.33317	0.05868
1	20465	818.6	19	0.25518	0.04581
1	20465	818.6	20	0.38274	0.28772
1	20465	818.6	21	0.31561	0.09914
1	20465	818.6	22	0.32468	0.63763
1	20465	818.6	23	0.24255	0.15634
1	20465	818.6	24	0.2197	0.38562
1	20465	818.6	25	0.8019	0.44405
1	20466	818.64	15	0.43794	0.11146
1	20466	818.64	16	0.51949	0.2893
1	20466	818.64	17	0.50153	0.45795
1	20466	818.64	18	0.33415	0.05983
1	20466	818.64	19	0.25692	0.04582
1	20466	818.64	20	0.38329	0.28798
1	20466	818.64	21	0.31727	0.09573
1	20466	818.64	22	0.32585	0.63702
1	20466	818.64	23	0.24287	0.15612
1	20466	818.64	24	0.22078	0.38471
1	20466	818.64	25	0.80205	0.44414
1	20467	818.68	15	0.43667	0.11158
1	20467	818.68	16	0.51992	0.28918
1	20467	818.68	17	0.50209	0.45838
1	20467	818.68	18	0.33431	0.06024
1	20467	818.68	19	0.25867	0.04595
1	20467	818.68	20	0.38384	0.28824
1	20467	818.68	21	0.31893	0.0923
1	20467	818.68	22	0.32703	0.63642
1	20467	818.68	23	0.24316	0.15582
1	20467	818.68	24	0.22187	0.38371
1	20467	818.68	25	0.80219	0.44425
1	20468	818.72	15	0.4354	0.1118
1	20468	818.72	16	0.52034	0.28906
1	20468	818.72	17	0.50265	0.45886
1	20468	818.72	18	0.33452	0.06076
1	20468	818.72	19	0.2604	0.046
1	20468	818.72	20	0.38441	0.28855
1	20468	818.72	21	0.32061	0.08885
1	20468	818.72	22	0.32822	0.6358
1	20468	818.72	23	0.24349	0.15561
1	20468	818.72	24	0.223	0.38269
1	20468	818.72	25	0.80235	0.44436
1	20469	818.76	15	0.43416	0.11203
1	20469	818.76	16	0.52075	0.28895
1	20469	818.76	17	0.50318	0.45928
1	20469	818.76	18	0.33472	0.06123
1	20469	818.76	19	0.26211	0.04598
1	20469	818.76	20	0.38498	0.28872
1	20469	818.76	21	0.32189	0.08921
1	20469	818.76	22	0.32943	0.63518
1	20469	818.76	23	0.24381	0.1554
1	20469	818.76	24	0.22416	0.3817
1	20469	818.76	25	0.80252	0.44448
1	20470	818.8	15	0.43296	0.11234
1	20470	818.8	16	0.52114	0.28885
1	20470	818.8	17	0.5037	0.45969
1	20470	818.8	18	0.33497	0.06178
1	20470	818.8	19	0.2638	0.04598
1	20470	818.8	20	0.38555	0.28897
1	20470	818.8	21	0.32294	0.08914
1	20470	818.8	22	0.33065	0.63454
1	20470	818.8	23	0.24414	0.15521
1	20470	818.8	24	0.22535	0.38071
1	20470	818.8	25	0.8027	0.44459
1	20471	818.84	15	0.43178	0.11267
1	20471	818.84	16	0.52155	0.28875
1	20471	818.84	17	0.50419	0.46016
1	20471	818.84	18	0.33532	0.06243
1	20471	818.84	19	0.26547	0.04604
1	20471	818.84	20	0.38611	0.28922
1	20471	818.84	21	0.32411	0.08843
1	20471	818.84	22	0.33189	0.63392
1	20471	818.84	23	0.24443	0.15505
1	20471	818.84	24	0.22655	0.37964
1	20471	818.84	25	0.80288	0.4447
1	20472	818.88	15	0.43065	0.11309
1	20472	818.88	16	0.52194	0.28867
1	20472	818.88	17	0.50464	0.46069
1	20472	818.88	18	0.33572	0.06322
1	20472	818.88	19	0.26713	0.04614
1	20472	818.88	20	0.38671	0.28954
1	20472	818.88	21	0.32497	0.08911
1	20472	818.88	22	0.33314	0.63329
1	20472	818.88	23	0.24474	0.155
1	20472	818.88	24	0.2278	0.37862
1	20472	818.88	25	0.80308	0.44481
1	20473	818.92	15	0.42956	0.11362
1	20473	818.92	16	0.52231	0.28869
1	20473	818.92	17	0.50506	0.46129
1	20473	818.92	18	0.33624	0.06406
1	20473	818.92	19	0.26875	0.0463
1	20473	818.92	20	0.38729	0.28974
1	20473	818.92	21	0.32552	0.09055
1	20473	818.92	22	0.33441	0.63267
1	20473	818.92	23	0.24502	0.15492
1	20473	818.92	24	0.22906	0.37762
1	20473	818.92	25	0.80329	0.44493
1	20474	818.96	15	0.4285	0.11417
1	20474	818.96	16	0.52268	0.28865
1	20474	818.96	17	0.50546	0.46199
1	20474	818.96	18	0.33687	0.06496
1	20474	818.96	19	0.27039	0.04661
1	20474	818.96	20	0.38789	0.29003
1	20474	818.96	21	0.32605	0.09141
1	20474	818.96	22	0.33572	0.63209
1	20474	818.96	23	0.2453	0.15487
1	20474	818.96	24	0.23034	0.37663
1	20474	818.96	25	0.80351	0.44504
1	20475	819.0	15	0.42747	0.11483
1	20475	819.0	16	0.52304	0.28871
1	20475	819.0	17	0.50583	0.46266
1	20475	819.0	18	0.33766	0.06594
1	20475	819.0	19	0.27199	0.04698
1	20475	819.0	20	0.38851	0.29032
1	20475	819.0	21	0.32665	0.09222
1	20475	819.0	22	0.33705	0.6315
1	20475	819.0	23	0.24557	0.15477
1	20475	819.0	24	0.23165	0.37564
1	20475	819.0	25	0.80374	0.44515
1	20476	819.04	15	0.42649	0.11553
1	20476	819.04	16	0.52339	0.28881
1	20476	819.04	17	0.50616	0.46345
1	20476	819.04	18	0.33864	0.06686
1	20476	819.04	19	0.27357	0.04742
1	20476	819.04	20	0.38912	0.29058
1	20476	819.04	21	0.32756	0.09296
1	20476	819.04	22	0.33839	0.63095
1	20476	819.04	23	0.24584	0.15473
1	20476	819.04	24	0.233	0.37473
1	20476	819.04	25	0.80398	0.44526
1	20477	819.08	15	0.42556	0.11633
1	20477	819.08	16	0.52372	0.28894
1	20477	819.08	17	0.50644	0.46422
1	20477	819.08	18	0.33988	0.06808
1	20477	819.08	19	0.27512	0.04785
1	20477	819.08	20	0.38972	0.29087
1	20477	819.08	21	0.32864	0.09325
1	20477	819.08	22	0.33975	0.63039
1	20477	819.08	23	0.24613	0.15455
1	20477	819.08	24	0.23436	0.37378
1	20477	819.08	25	0.80422	0.44537
1	20478	819.12	15	0.42466	0.11718
1	20478	819.12	16	0.52405	0.2891
1	20478	819.12	17	0.50669	0.46511
1	20478	819.12	18	0.34149	0.06967
1	20478	819.12	19	0.27667	0.04844
1	20478	819.12	20	0.39033	0.29119
1	20478	819.12	21	0.32974	0.09332
1	20478	819.12	22	0.34113	0.6298
1	20478	819.12	23	0.24643	0.15452
1	20478	819.12	24	0.23576	0.37291
1	20478	819.12	25	0.80448	0.44549
1	20479	819.16	15	0.42381	0.11807
1	20479	819.16	16	0.52438	0.2893
1	20479	819.16	17	0.50691	0.46597
1	20479	819.16	18	0.3436	0.07172
1	20479	819.16	19	0.27818	0.04902
1	20479	819.16	20	0.39095	0.29148
1	20479	819.16	21	0.33081	0.0931
1	20479	819.16	22	0.34252	0.62922
1	20479	819.16	23	0.24674	0.15445
1	20479	819.16	24	0.23716	0.37201
1	20479	819.16	25	0.80475	0.4456
1	20480	819.2	15	0.42301	0.119
1	20480	819.2	16	0.52469	0.2896
1	20480	819.2	17	0.50708	0.46682
1	20480	819.2	18	0.34613	0.07422
1	20480	819.2	19	0.27966	0.04959
1	20480	819.2	20	0.3916	0.29187
1	20480	819.2	21	0.33189	0.09253
1	20480	819.2	22	0.34391	0.62857
1	20480	819.2	23	0.24704	0.15446
1	20480	819.2	24	0.23858	0.37115
1	20480	819.2	25	0.80503	0.44569
1	20481	819.24	15	0.42226	0.12005
1	20481	819.24	16	0.52499	0.28989
1	20481	819.24	17	0.50721	0.46774
1	20481	819.24	18	0.34898	0.07683
1	20481	819.24	19	0.28114	0.05034
1	20481	819.24	20	0.39225	0.29229
1	20481	819.24	21	0.333	0.09173
1	20481	819.24	22	0.34532	0.62793
1	20481	819.24	23	0.24736	0.15443
1	20481	819.24	24	0.24004	0.37038
1	20481	819.24	25	0.80533	0.44571
1	20482	819.28	15	0.42156	0.12115
1	20482	819.28	16	0.52527	0.29028
1	20482	819.28	17	0.5073	0.46871
1	20482	819.28	18	0.35224	0.07959
1	20482	819.28	19	0.28259	0.05108
1	20482	819.28	20	0.39292	0.29282
1	20482	819.28	21	0.3341	0.09118
1	20482	819.28	22	0.34675	0.6273
1	20482	819.28	23	0.24768	0.15448
1	20482	819.28	24	0.24152	0.36965
1	20482	819.28	25	0.80563	0.44575
1	20483	819.32	15	0.42091	0.12213
1	20483	819.32	16	0.52555	0.29066
1	20483	819.32	17	0.50731	0.46971
1	20483	819.32	18	0.35581	0.08266
1	20483	819.32	19	0.28404	0.05192
1	20483	819.32	20	0.3936	0.29333
1	20483	819.32	21	0.33572	0.09111
1	20483	819.32	22	0.3482	0.6266
1	20483	819.32	23	0.24802	0.1545
1	20483	819.32	24	0.24301	0.3689
1	20483	819.32	25	0.8059	0.44586
1	20484	819.36	15	0.42032	0.12316
1	20484	819.36	16	0.52582	0.29109
1	20484	819.36	17	0.50729	0.47075
1	20484	819.36	18	0.35943	0.08633
1	20484	819.36	19	0.28544	0.05276
1	20484	819.36	20	0.39431	0.29394
1	20484	819.36	21	0.33673	0.09129
1	20484	819.36	22	0.34966	0.62589
1	20484	819.36	23	0.24835	0.15453
1	20484	819.36	24	0.24453	0.36826
1	20484	819.36	25	0.80618	0.44604
1	20485	819.4	15	0.41981	0.12432
1	20485	819.4	16	0.52609	0.2915
1	20485	819.4	17	0.50721	0.47174
1	20485	819.4	18	0.36304	0.08986
1	20485	819.4	19	0.28681	0.05371
1	20485	819.4	20	0.39502	0.29461
1	20485	819.4	21	0.33774	0.09177
1	20485	819.4	22	0.35113	0.62512
1	20485	819.4	23	0.24868	0.15472
1	20485	819.4	24	0.24605	0.3676
1	20485	819.4	25	0.80646	0.44626
1	20486	819.44	15	0.41935	0.12553
1	20486	819.44	16	0.52634	0.29197
1	20486	819.44	17	0.50708	0.47272
1	20486	819.44	18	0.36671	0.09379
1	20486	819.44	19	0.28816	0.05468
1	20486	819.44	20	0.39572	0.29527
1	20486	819.44	21	0.33871	0.09233
1	20486	819.44	22	0.3526	0.62434
1	20486	819.44	23	0.24898	0.15501
1	20486	819.44	24	0.24759	0.36701
1	20486	819.44	25	0.80676	0.44649
1	20487	819.48	15	0.41895	0.12663
1	20487	819.48	16	0.52657	0.29243
1	20487	819.48	17	0.50689	0.47375
1	20487	819.48	18	0.37029	0.09746
1	20487	819.48	19	0.28949	0.05565
1	20487	819.48	20	0.39643	0.29598
1	20487	819.48	21	0.33963	0.09278
1	20487	819.48	22	0.35408	0.62351
1	20487	819.48	23	0.24928	0.15512
1	20487	819.48	24	0.24915	0.36645
1	20487	819.48	25	0.80705	0.44676
1	20488	819.52	15	0.4186	0.12787
1	20488	819.52	16	0.52679	0.29302
1	20488	819.52	17	0.50665	0.47483
1	20488	819.52	18	0.37383	0.10258
1	20488	819.52	19	0.29079	0.05673
1	20488	819.52	20	0.39718	0.2968
1	20488	819.52	21	0.34054	0.09344
1	20488	819.52	22	0.35557	0.62258
1	20488	819.52	23	0.24957	0.15532
1	20488	819.52	24	0.25074	0.36601
1	20488	819.52	25	0.80735	0.4471
1	20489	819.56	15	0.41834	0.12916
1	20489	819.56	16	0.52699	0.29366
1	20489	819.56	17	0.50635	0.4759
1	20489	819.56	18	0.36607	0.08859
1	20489	819.56	19	0.29205	0.05783
1	20489	819.56	20	0.39793	0.29774
1	20489	819.56	21	0.34142	0.09421
1	20489	819.56	22	0.35707	0.62165
1	20489	819.56	23	0.24994	0.15549
1	20489	819.56	24	0.25234	0.36564
1	20489	819.56	25	0.80769	0.44737
1	20490	819.6	15	0.41814	0.13043
1	20490	819.6	16	0.52717	0.29437
1	20490	819.6	17	0.50598	0.47689
1	20490	819.6	18	0.35817	0.07434
1	20490	819.6	19	0.29328	0.05894
1	20490	819.6	20	0.39867	0.29867
1	20490	819.6	21	0.34228	0.095
1	20490	819.6	22	0.35857	0.62067
1	20490	819.6	23	0.25029	0.15568
1	20490	819.6	24	0.25394	0.36525
1	20490	819.6	25	0.80806	0.44757
1	20491	819.64	15	0.418	0.13168
1	20491	819.64	16	0.52735	0.29514
1	20491	819.64	17	0.50557	0.47802
1	20491	819.64	18	0.35011	0.05982
1	20491	819.64	19	0.2945	0.06017
1	20491	819.64	20	0.39941	0.2996
1	20491	819.64	21	0.34319	0.0955
1	20491	819.64	22	0.36009	0.61964
1	20491	819.64	23	0.25065	0.15596
1	20491	819.64	24	0.25555	0.36488
1	20491	819.64	25	0.80846	0.4477
1	20492	819.68	15	0.41794	0.13299
1	20492	819.68	16	0.5275	0.29597
1	20492	819.68	17	0.50509	0.47911
1	20492	819.68	18	0.3419	0.04503
1	20492	819.68	19	0.29568	0.06142
1	20492	819.68	20	0.40017	0.30058
1	20492	819.68	21	0.34407	0.09611
1	20492	819.68	22	0.36162	0.61857
1	20492	819.68	23	0.25099	0.15627
1	20492	819.68	24	0.25717	0.36456
1	20492	819.68	25	0.80885	0.4479
1	20493	819.72	15	0.41796	0.13443
1	20493	819.72	16	0.52764	0.29687
1	20493	819.72	17	0.50456	0.4802
1	20493	819.72	18	0.33353	0.02994
1	20493	819.72	19	0.29683	0.06259
1	20493	819.72	20	0.40095	0.30176
1	20493	819.72	21	0.34495	0.09664
1	20493	819.72	22	0.36316	0.61746
1	20493	819.72	23	0.25139	0.15637
1	20493	819.72	24	0.25881	0.3643
1	20493	819.72	25	0.8092	0.44824
1	20494	819.76	15	0.41806	0.13585
1	20494	819.76	16	0.52777	0.29782
1	20494	819.76	17	0.50399	0.48125
1	20494	819.76	18	0.32499	0.01456
1	20494	819.76	19	0.29797	0.06396
1	20494	819.76	20	0.40175	0.30298
1	20494	819.76	21	0.34581	0.09727
1	20494	819.76	22	0.36473	0.61634
1	20494	819.76	23	0.25177	0.15658
1	20494	819.76	24	0.26046	0.36411
1	20494	819.76	25	0.80956	0.44857
1	20495	819.8	15	0.4182	0.13726
1	20495	819.8	16	0.52791	0.29895
1	20495	819.8	17	0.50336	0.48235
1	20495	819.8	18	0.32565	0.01511
1	20495	819.8	19	0.29907	0.06535
1	20495	819.8	20	0.40251	0.30414
1	20495	819.8	21	0.34667	0.09792
1	20495	819.8	22	0.3663	0.61526
1	20495	819.8	23	0.25221	0.15677
1	20495	819.8	24	0.26211	0.36392
1	20495	819.8	25	0.80993	0.44891
1	20496	819.84	15	0.41843	0.13865
1	20496	819.84	16	0.52803	0.30009
1	20496	819.84	17	0.50267	0.48346
1	20496	819.84	18	0.3264	0.01581
1	20496	819.84	19	0.30016	0.06676
1	20496	819.84	20	0.40331	0.30542
1	20496	819.84	21	0.34753	0.09868
1	20496	819.84	22	0.36788	0.6141
1	20496	819.84	23	0.25265	0.15699
1	20496	819.84	24	0.26377	0.36387
1	20496	819.84	25	0.81031	0.44925
1	20497	819.88	15	0.41873	0.14002
1	20497	819.88	16	0.52813	0.30129
1	20497	819.88	17	0.50193	0.48457
1	20497	819.88	18	0.3271	0.01609
1	20497	819.88	19	0.30122	0.06809
1	20497	819.88	20	0.4041	0.30676
1	20497	819.88	21	0.34834	0.09938
1	20497	819.88	22	0.36946	0.61295
1	20497	819.88	23	0.25312	0.15729
1	20497	819.88	24	0.26545	0.36382
1	20497	819.88	25	0.81068	0.44963
1	20498	819.92	15	0.41911	0.14137
1	20498	819.92	16	0.52822	0.30256
1	20498	819.92	17	0.50112	0.4857
1	20498	819.92	18	0.32786	0.01632
1	20498	819.92	19	0.30225	0.06954
1	20498	819.92	20	0.4049	0.30816
1	20498	819.92	21	0.34914	0.10027
1	20498	819.92	22	0.37105	0.61175
1	20498	819.92	23	0.25355	0.15763
1	20498	819.92	24	0.26712	0.36379
1	20498	819.92	25	0.81105	0.45008
1	20499	819.96	15	0.41955	0.14272
1	20499	819.96	16	0.52831	0.30375
1	20499	819.96	17	0.50025	0.4868
1	20499	819.96	18	0.32864	0.01664
1	20499	819.96	19	0.30326	0.07101
1	20499	819.96	20	0.40569	0.30962
1	20499	819.96	21	0.35002	0.10087
1	20499	819.96	22	0.37269	0.61063
1	20499	819.96	23	0.254	0.15779
1	20499	819.96	24	0.26882	0.36389
1	20499	819.96	25	0.81144	0.45053
1	20500	820.0	15	0.42005	0.14405
1	20500	820.0	16	0.52839	0.30502
1	20500	820.0	17	0.49934	0.48786
1	20500	820.0	18	0.32946	0.01675
1	20500	820.0	19	0.30426	0.07258
1	20500	820.0	20	0.40652	0.31127
1	20500	820.0	21	0.35087	0.10158
1	20500	820.0	22	0.37434	0.60947
1	20500	820.0	23	0.25442	0.15798
1	20500	820.0	24	0.27052	0.36399
1	20500	820.0	25	0.81185	0.45095
1	20501	820.04	15	0.42061	0.14528
1	20501	820.04	16	0.52845	0.3064
1	20501	820.04	17	0.49838	0.48888
1	20501	820.04	18	0.3303	0.0168
1	20501	820.04	19	0.30524	0.07416
1	20501	820.04	20	0.40736	0.31297
1	20501	820.04	21	0.35174	0.1023
1	20501	820.04	22	0.37602	0.60839
1	20501	820.04	23	0.25484	0.15828
1	20501	820.04	24	0.27222	0.36417
1	20501	820.04	25	0.8123	0.45131
1	20502	820.08	15	0.42125	0.14666
1	20502	820.08	16	0.5285	0.30774
1	20502	820.08	17	0.49737	0.48995
1	20502	820.08	18	0.33116	0.01688
1	20502	820.08	19	0.3062	0.07576
1	20502	820.08	20	0.4082	0.31479
1	20502	820.08	21	0.35257	0.10305
1	20502	820.08	22	0.37771	0.60732
1	20502	820.08	23	0.25522	0.15861
1	20502	820.08	24	0.27392	0.36437
1	20502	820.08	25	0.81277	0.45169
1	20503	820.12	15	0.42195	0.14803
1	20503	820.12	16	0.52854	0.30913
1	20503	820.12	17	0.49631	0.491
1	20503	820.12	18	0.33193	0.01682
1	20503	820.12	19	0.30715	0.07746
1	20503	820.12	20	0.40905	0.31666
1	20503	820.12	21	0.35347	0.10395
1	20503	820.12	22	0.37942	0.60624
1	20503	820.12	23	0.25561	0.15887
1	20503	820.12	24	0.27562	0.3647
1	20503	820.12	25	0.81324	0.45213
1	20504	820.16	15	0.42268	0.14939
1	20504	820.16	16	0.52858	0.31058
1	20504	820.16	17	0.49518	0.49201
1	20504	820.16	18	0.33273	0.01689
1	20504	820.16	19	0.30809	0.07927
1	20504	820.16	20	0.4099	0.3186
1	20504	820.16	21	0.35434	0.10489
1	20504	820.16	22	0.38116	0.60521
1	20504	820.16	23	0.25596	0.15916
1	20504	820.16	24	0.27736	0.3651
1	20504	820.16	25	0.81371	0.45258
1	20505	820.2	15	0.42348	0.15074
1	20505	820.2	16	0.52862	0.31203
1	20505	820.2	17	0.494	0.49299
1	20505	820.2	18	0.33352	0.0171
1	20505	820.2	19	0.30901	0.08101
1	20505	820.2	20	0.41079	0.32058
1	20505	820.2	21	0.35518	0.10567
1	20505	820.2	22	0.38292	0.60423
1	20505	820.2	23	0.25632	0.1593
1	20505	820.2	24	0.27906	0.36551
1	20505	820.2	25	0.8142	0.45305
1	20506	820.24	15	0.42433	0.15201
1	20506	820.24	16	0.52865	0.3136
1	20506	820.24	17	0.49277	0.4939
1	20506	820.24	18	0.33435	0.01742
1	20506	820.24	19	0.30991	0.08284
1	20506	820.24	20	0.41168	0.32268
1	20506	820.24	21	0.35602	0.10656
1	20506	820.24	22	0.38469	0.60325
1	20506	820.24	23	0.25666	0.15954
1	20506	820.24	24	0.28079	0.366
1	20506	820.24	25	0.81468	0.45358
1	20507	820.28	15	0.42522	0.15335
1	20507	820.28	16	0.52867	0.31518
1	20507	820.28	17	0.4915	0.49481
1	20507	820.28	18	0.33515	0.01774
1	20507	820.28	19	0.31081	0.08478
1	20507	820.28	20	0.41258	0.32483
1	20507	820.28	21	0.35678	0.10748
1	20507	820.28	22	0.38649	0.60231
1	20507	820.28	23	0.25703	0.15996
1	20507	820.28	24	0.28253	0.36655
1	20507	820.28	25	0.81518	0.45414
1	20508	820.32	15	0.42617	0.15461
1	20508	820.32	16	0.52869	0.31676
1	20508	820.32	17	0.49019	0.49568
1	20508	820.32	18	0.33596	0.01835
1	20508	820.32	19	0.31169	0.08673
1	20508	820.32	20	0.4135	0.32703
1	20508	820.32	21	0.35753	0.10851
1	20508	820.32	22	0.38831	0.60139
1	20508	820.32	23	0.25736	0.16041
1	20508	820.32	24	0.28427	0.36719
1	20508	820.32	25	0.81568	0.4547
1	20509	820.36	15	0.42716	0.15587
1	20509	820.36	16	0.5287	0.31845
1	20509	820.36	17	0.48884	0.49653
1	20509	820.36	18	0.33678	0.01909
1	20509	820.36	19	0.31254	0.08862
1	20509	820.36	20	0.41444	0.32928
1	20509	820.36	21	0.35827	0.10956
1	20509	820.36	22	0.39014	0.60051
1	20509	820.36	23	0.25773	0.16086
1	20509	820.36	24	0.286	0.36789
1	20509	820.36	25	0.8162	0.45525
1	20510	820.4	15	0.42816	0.15712
1	20510	820.4	16	0.52872	0.32019
1	20510	820.4	17	0.48743	0.49734
1	20510	820.4	18	0.3376	0.01959
1	20510	820.4	19	0.31341	0.09059
1	20510	820.4	20	0.41539	0.33158
1	20510	820.4	21	0.35898	0.11078
1	20510	820.4	22	0.39199	0.59959
1	20510	820.4	23	0.25806	0.16135
1	20510	820.4	24	0.28771	0.3685
1	20510	820.4	25	0.81674	0.45578
1	20511	820.44	15	0.42921	0.15837
1	20511	820.44	16	0.52874	0.32193
1	20511	820.44	17	0.48599	0.49813
1	20511	820.44	18	0.33843	0.02025
1	20511	820.44	19	0.31427	0.09264
1	20511	820.44	20	0.41635	0.33387
1	20511	820.44	21	0.3597	0.11202
1	20511	820.44	22	0.39385	0.59869
1	20511	820.44	23	0.25846	0.16183
1	20511	820.44	24	0.28941	0.36918
1	20511	820.44	25	0.8173	0.45625
1	20512	820.48	15	0.43031	0.15962
1	20512	820.48	16	0.52875	0.32373
1	20512	820.48	17	0.48452	0.49891
1	20512	820.48	18	0.33927	0.02086
1	20512	820.48	19	0.31511	0.09463
1	20512	820.48	20	0.41734	0.3362
1	20512	820.48	21	0.3604	0.11328
1	20512	820.48	22	0.39573	0.59779
1	20512	820.48	23	0.25887	0.16232
1	20512	820.48	24	0.29112	0.36994
1	20512	820.48	25	0.81787	0.45669
1	20513	820.52	15	0.43144	0.16078
1	20513	820.52	16	0.52876	0.32563
1	20513	820.52	17	0.483	0.49967
1	20513	820.52	18	0.3401	0.02153
1	20513	820.52	19	0.31595	0.09669
1	20513	820.52	20	0.41834	0.33853
1	20513	820.52	21	0.3611	0.11471
1	20513	820.52	22	0.39763	0.59694
1	20513	820.52	23	0.25927	0.16275
1	20513	820.52	24	0.29283	0.37076
1	20513	820.52	25	0.81843	0.45713
1	20514	820.56	15	0.43261	0.16202
1	20514	820.56	16	0.52878	0.32759
1	20514	820.56	17	0.48146	0.50039
1	20514	820.56	18	0.34095	0.02226
1	20514	820.56	19	0.31678	0.09877
1	20514	820.56	20	0.41934	0.3409
1	20514	820.56	21	0.36177	0.11615
1	20514	820.56	22	0.39953	0.59607
1	20514	820.56	23	0.25965	0.1632
1	20514	820.56	24	0.29453	0.37159
1	20514	820.56	25	0.819	0.45764
1	20515	820.6	15	0.4338	0.16318
1	20515	820.6	16	0.5288	0.32954
1	20515	820.6	17	0.47986	0.50109
1	20515	820.6	18	0.3418	0.02298
1	20515	820.6	19	0.31761	0.10084
1	20515	820.6	20	0.42038	0.34326
1	20515	820.6	21	0.36245	0.11777
1	20515	820.6	22	0.40145	0.59525
1	20515	820.6	23	0.26003	0.16366
1	20515	820.6	24	0.29622	0.37243
1	20515	820.6	25	0.81957	0.45817
1	20516	820.64	15	0.43503	0.16441
1	20516	820.64	16	0.52881	0.33155
1	20516	820.64	17	0.47821	0.50175
1	20516	820.64	18	0.34268	0.02385
1	20516	820.64	19	0.31844	0.10291
1	20516	820.64	20	0.42143	0.34566
1	20516	820.64	21	0.36309	0.1194
1	20516	820.64	22	0.40338	0.5944
1	20516	820.64	23	0.2604	0.16414
1	20516	820.64	24	0.2979	0.37335
1	20516	820.64	25	0.82018	0.45863
1	20517	820.68	15	0.43628	0.16557
1	20517	820.68	16	0.52884	0.3336
1	20517	820.68	17	0.47654	0.50242
1	20517	820.68	18	0.34352	0.0245
1	20517	820.68	19	0.31927	0.10497
1	20517	820.68	20	0.4225	0.34805
1	20517	820.68	21	0.36373	0.12112
1	20517	820.68	22	0.40534	0.59363
1	20517	820.68	23	0.26075	0.16454
1	20517	820.68	24	0.29957	0.37427
1	20517	820.68	25	0.8208	0.45907
1	20518	820.72	15	0.43757	0.16671
1	20518	820.72	16	0.52888	0.33564
1	20518	820.72	17	0.47482	0.50301
1	20518	820.72	18	0.34436	0.02507
1	20518	820.72	19	0.3201	0.10703
1	20518	820.72	20	0.42357	0.35048
1	20518	820.72	21	0.36435	0.12292
1	20518	820.72	22	0.40728	0.59285
1	20518	820.72	23	0.26111	0.16504
1	20518	820.72	24	0.30126	0.37525
1	20518	820.72	25	0.82143	0.45951
1	20519	820.76	15	0.43889	0.16792
1	20519	820.76	16	0.5289	0.33773
1	20519	820.76	17	0.47307	0.50352
1	20519	820.76	18	0.34521	0.02572
1	20519	820.76	19	0.32091	0.10908
1	20519	820.76	20	0.42467	0.3529
1	20519	820.76	21	0.36497	0.12455
1	20519	820.76	22	0.40925	0.59207
1	20519	820.76	23	0.26149	0.16554
1	20519	820.76	24	0.30293	0.3763
1	20519	820.76	25	0.82203	0.46002
1	20520	820.8	15	0.44023	0.16904
1	20520	820.8	16	0.52892	0.33986
1	20520	820.8	17	0.47127	0.50401
1	20520	820.8	18	0.34608	0.02646
1	20520	820.8	19	0.32172	0.11104
1	20520	820.8	20	0.42577	0.3553
1	20520	820.8	21	0.36526	0.12603
1	20520	820.8	22	0.41123	0.59131
1	20520	820.8	23	0.26186	0.16612
1	20520	820.8	24	0.30458	0.37742
1	20520	820.8	25	0.8226	0.46059
1	20521	820.84	15	0.44159	0.17016
1	20521	820.84	16	0.52894	0.34199
1	20521	820.84	17	0.46944	0.50442
1	20521	820.84	18	0.34695	0.02712
1	20521	820.84	19	0.32253	0.11307
1	20521	820.84	20	0.42687	0.35775
1	20521	820.84	21	0.36582	0.1279
1	20521	820.84	22	0.41321	0.5906
1	20521	820.84	23	0.26222	0.16671
1	20521	820.84	24	0.30624	0.37854
1	20521	820.84	25	0.82317	0.46123
1	20522	820.88	15	0.44295	0.17121
1	20522	820.88	16	0.52898	0.34416
1	20522	820.88	17	0.46758	0.50483
1	20522	820.88	18	0.34783	0.02777
1	20522	820.88	19	0.32335	0.11509
1	20522	820.88	20	0.42801	0.36018
1	20522	820.88	21	0.36644	0.12967
1	20522	820.88	22	0.41521	0.58991
1	20522	820.88	23	0.26262	0.16738
1	20522	820.88	24	0.30787	0.37972
1	20522	820.88	25	0.82374	0.46189
1	20523	820.92	15	0.44436	0.17231
1	20523	820.92	16	0.52901	0.34632
1	20523	820.92	17	0.46568	0.50513
1	20523	820.92	18	0.34871	0.02852
1	20523	820.92	19	0.32415	0.1171
1	20523	820.92	20	0.42915	0.36265
1	20523	820.92	21	0.36703	0.13128
1	20523	820.92	22	0.41722	0.58931
1	20523	820.92	23	0.26299	0.16797
1	20523	820.92	24	0.3095	0.3809
1	20523	820.92	25	0.82432	0.46255
1	20524	820.96	15	0.44577	0.17347
1	20524	820.96	16	0.52905	0.34852
1	20524	820.96	17	0.46375	0.50543
1	20524	820.96	18	0.34958	0.02926
1	20524	820.96	19	0.32495	0.1191
1	20524	820.96	20	0.43032	0.36515
1	20524	820.96	21	0.36761	0.13295
1	20524	820.96	22	0.41925	0.58871
1	20524	820.96	23	0.26337	0.16863
1	20524	820.96	24	0.31114	0.38213
1	20524	820.96	25	0.8249	0.4632
1	20525	821.0	15	0.44721	0.17463
1	20525	821.0	16	0.52908	0.35076
1	20525	821.0	17	0.46178	0.5057
1	20525	821.0	18	0.35047	0.03008
1	20525	821.0	19	0.32579	0.12122
1	20525	821.0	20	0.43148	0.36769
1	20525	821.0	21	0.3682	0.13462
1	20525	821.0	22	0.42128	0.58818
1	20525	821.0	23	0.26376	0.1693
1	20525	821.0	24	0.31278	0.38348
1	20525	821.0	25	0.82547	0.46388
1	20526	821.04	15	0.44866	0.1757
1	20526	821.04	16	0.52911	0.35299
1	20526	821.04	17	0.45978	0.50594
1	20526	821.04	18	0.35135	0.03088
1	20526	821.04	19	0.3266	0.12326
1	20526	821.04	20	0.43265	0.37022
1	20526	821.04	21	0.36878	0.13627
1	20526	821.04	22	0.42332	0.58769
1	20526	821.04	23	0.26415	0.17003
1	20526	821.04	24	0.31438	0.38477
1	20526	821.04	25	0.82601	0.46463
1	20527	821.08	15	0.45011	0.17676
1	20527	821.08	16	0.52915	0.3552
1	20527	821.08	17	0.45776	0.50618
1	20527	821.08	18	0.35225	0.03176
1	20527	821.08	19	0.32741	0.12527
1	20527	821.08	20	0.43384	0.37272
1	20527	821.08	21	0.36936	0.13791
1	20527	821.08	22	0.42537	0.58725
1	20527	821.08	23	0.26452	0.17068
1	20527	821.08	24	0.31596	0.38607
1	20527	821.08	25	0.82655	0.4654
1	20528	821.12	15	0.45158	0.17795
1	20528	821.12	16	0.5292	0.3575
1	20528	821.12	17	0.45574	0.50641
1	20528	821.12	18	0.35314	0.03263
1	20528	821.12	19	0.32822	0.12735
1	20528	821.12	20	0.43503	0.37526
1	20528	821.12	21	0.36995	0.13968
1	20528	821.12	22	0.42744	0.58687
1	20528	821.12	23	0.26489	0.17133
1	20528	821.12	24	0.31755	0.38742
1	20528	821.12	25	0.82711	0.46616
1	20529	821.16	15	0.45305	0.17907
1	20529	821.16	16	0.52925	0.35984
1	20529	821.16	17	0.45369	0.50666
1	20529	821.16	18	0.35405	0.03357
1	20529	821.16	19	0.32902	0.1294
1	20529	821.16	20	0.43622	0.37773
1	20529	821.16	21	0.37055	0.14151
1	20529	821.16	22	0.4295	0.58658
1	20529	821.16	23	0.26527	0.17205
1	20529	821.16	24	0.31911	0.38877
1	20529	821.16	25	0.82766	0.46692
1	20530	821.2	15	0.45452	0.18017
1	20530	821.2	16	0.52929	0.36222
1	20530	821.2	17	0.45162	0.50695
1	20530	821.2	18	0.35495	0.03449
1	20530	821.2	19	0.32983	0.13143
1	20530	821.2	20	0.43743	0.38023
1	20530	821.2	21	0.37115	0.14332
1	20530	821.2	22	0.43158	0.58638
1	20530	821.2	23	0.26563	0.17268
1	20530	821.2	24	0.32066	0.39017
1	20530	821.2	25	0.8282	0.46771
1	20531	821.24	15	0.456	0.18125
1	20531	821.24	16	0.52934	0.36463
1	20531	821.24	17	0.44952	0.50729
1	20531	821.24	18	0.35585	0.03548
1	20531	821.24	19	0.33065	0.13359
1	20531	821.24	20	0.43864	0.38277
1	20531	821.24	21	0.37174	0.14503
1	20531	821.24	22	0.43367	0.58627
1	20531	821.24	23	0.26598	0.1733
1	20531	821.24	24	0.3222	0.39162
1	20531	821.24	25	0.82871	0.46856
1	20532	821.28	15	0.45749	0.18246
1	20532	821.28	16	0.52941	0.36702
1	20532	821.28	17	0.44742	0.50767
1	20532	821.28	18	0.35675	0.03653
1	20532	821.28	19	0.33148	0.13573
1	20532	821.28	20	0.43988	0.38528
1	20532	821.28	21	0.37233	0.1468
1	20532	821.28	22	0.43578	0.58624
1	20532	821.28	23	0.26634	0.17398
1	20532	821.28	24	0.3237	0.39307
1	20532	821.28	25	0.82923	0.46938
1	20533	821.32	15	0.45899	0.18358
1	20533	821.32	16	0.52947	0.3694
1	20533	821.32	17	0.44529	0.50805
1	20533	821.32	18	0.35766	0.03765
1	20533	821.32	19	0.3323	0.13784
1	20533	821.32	20	0.4411	0.38777
1	20533	821.32	21	0.37293	0.14861
1	20533	821.32	22	0.4379	0.58634
1	20533	821.32	23	0.26668	0.17465
1	20533	821.32	24	0.32519	0.39447
1	20533	821.32	25	0.82975	0.47014
1	20534	821.36	15	0.46047	0.18469
1	20534	821.36	16	0.52953	0.3718
1	20534	821.36	17	0.44315	0.50844
1	20534	821.36	18	0.3586	0.03881
1	20534	821.36	19	0.33313	0.13999
1	20534	821.36	20	0.44235	0.39029
1	20534	821.36	21	0.37353	0.15047
1	20534	821.36	22	0.44002	0.58649
1	20534	821.36	23	0.26702	0.1753
1	20534	821.36	24	0.32666	0.39591
1	20534	821.36	25	0.83024	0.47097
1	20535	821.4	15	0.46197	0.18584
1	20535	821.4	16	0.52961	0.37424
1	20535	821.4	17	0.441	0.5089
1	20535	821.4	18	0.35954	0.04003
1	20535	821.4	19	0.33394	0.14211
1	20535	821.4	20	0.44362	0.39284
1	20535	821.4	21	0.37413	0.15231
1	20535	821.4	22	0.44215	0.58672
1	20535	821.4	23	0.26736	0.17602
1	20535	821.4	24	0.32812	0.39734
1	20535	821.4	25	0.83071	0.47186
1	20536	821.44	15	0.46345	0.18699
1	20536	821.44	16	0.52968	0.37676
1	20536	821.44	17	0.43883	0.50937
1	20536	821.44	18	0.3605	0.0413
1	20536	821.44	19	0.33476	0.1442
1	20536	821.44	20	0.4449	0.39545
1	20536	821.44	21	0.37473	0.15419
1	20536	821.44	22	0.44429	0.58703
1	20536	821.44	23	0.26772	0.17677
1	20536	821.44	24	0.32957	0.39882
1	20536	821.44	25	0.83114	0.47281
1	20537	821.48	15	0.46493	0.18818
1	20537	821.48	16	0.52976	0.37925
1	20537	821.48	17	0.43665	0.50992
1	20537	821.48	18	0.36144	0.04253
1	20537	821.48	19	0.3356	0.1464
1	20537	821.48	20	0.44619	0.39805
1	20537	821.48	21	0.37534	0.15604
1	20537	821.48	22	0.44644	0.58747
1	20537	821.48	23	0.26807	0.17751
1	20537	821.48	24	0.33098	0.4003
1	20537	821.48	25	0.83156	0.47374
1	20538	821.52	15	0.4664	0.18928
1	20538	821.52	16	0.52984	0.38173
1	20538	821.52	17	0.43445	0.51047
1	20538	821.52	18	0.36238	0.04374
1	20538	821.52	19	0.33643	0.14857
1	20538	821.52	20	0.44748	0.40062
1	20538	821.52	21	0.37593	0.15787
1	20538	821.52	22	0.4486	0.58803
1	20538	821.52	23	0.2684	0.17824
1	20538	821.52	24	0.33239	0.40182
1	20538	821.52	25	0.83198	0.4746
1	20539	821.56	15	0.46785	0.19043
1	20539	821.56	16	0.52994	0.38417
1	20539	821.56	17	0.43225	0.5111
1	20539	821.56	18	0.36333	0.04498
1	20539	821.56	19	0.33725	0.15063
1	20539	821.56	20	0.44877	0.40312
1	20539	821.56	21	0.37653	0.15972
1	20539	821.56	22	0.45076	0.58863
1	20539	821.56	23	0.26873	0.17893
1	20539	821.56	24	0.33377	0.40333
1	20539	821.56	25	0.83238	0.47553
1	20540	821.6	15	0.46932	0.19155
1	20540	821.6	16	0.53003	0.38655
1	20540	821.6	17	0.43004	0.51172
1	20540	821.6	18	0.36428	0.04628
1	20540	821.6	19	0.33808	0.15272
1	20540	821.6	20	0.45007	0.40565
1	20540	821.6	21	0.37713	0.16162
1	20540	821.6	22	0.4529	0.58927
1	20540	821.6	23	0.26906	0.1796
1	20540	821.6	24	0.33515	0.40488
1	20540	821.6	25	0.83274	0.4765
1	20541	821.64	15	0.47077	0.19272
1	20541	821.64	16	0.53012	0.38895
1	20541	821.64	17	0.42782	0.51238
1	20541	821.64	18	0.36523	0.04753
1	20541	821.64	19	0.3389	0.15485
1	20541	821.64	20	0.45137	0.40815
1	20541	821.64	21	0.37772	0.16356
1	20541	821.64	22	0.45506	0.58999
1	20541	821.64	23	0.26937	0.18031
1	20541	821.64	24	0.3365	0.40647
1	20541	821.64	25	0.8331	0.47746
1	20542	821.68	15	0.47221	0.194
1	20542	821.68	16	0.53021	0.39143
1	20542	821.68	17	0.42561	0.51308
1	20542	821.68	18	0.36617	0.04882
1	20542	821.68	19	0.33973	0.15701
1	20542	821.68	20	0.4527	0.41062
1	20542	821.68	21	0.37833	0.16553
1	20542	821.68	22	0.45723	0.59079
1	20542	821.68	23	0.26969	0.181
1	20542	821.68	24	0.33784	0.4081
1	20542	821.68	25	0.83345	0.47839
1	20543	821.72	15	0.47364	0.19532
1	20543	821.72	16	0.53031	0.39389
1	20543	821.72	17	0.42341	0.51385
1	20543	821.72	18	0.36713	0.05015
1	20543	821.72	19	0.34055	0.15913
1	20543	821.72	20	0.45402	0.41312
1	20543	821.72	21	0.37892	0.16739
1	20543	821.72	22	0.45937	0.59164
1	20543	821.72	23	0.27001	0.18173
1	20543	821.72	24	0.33917	0.40982
1	20543	821.72	25	0.8338	0.47924
1	20544	821.76	15	0.47508	0.19669
1	20544	821.76	16	0.53043	0.39637
1	20544	821.76	17	0.42122	0.5147
1	20544	821.76	18	0.36809	0.05143
1	20544	821.76	19	0.34137	0.16128
1	20544	821.76	20	0.45534	0.4156
1	20544	821.76	21	0.37952	0.16929
1	20544	821.76	22	0.46149	0.59249
1	20544	821.76	23	0.27031	0.18243
1	20544	821.76	24	0.34049	0.41148
1	20544	821.76	25	0.83412	0.48016
1	20545	821.8	15	0.47649	0.19803
1	20545	821.8	16	0.53054	0.39888
1	20545	821.8	17	0.41903	0.51567
1	20545	821.8	18	0.36905	0.05268
1	20545	821.8	19	0.34218	0.16333
1	20545	821.8	20	0.45666	0.41806
1	20545	821.8	21	0.38012	0.17115
1	20545	821.8	22	0.46362	0.59343
1	20545	821.8	23	0.27062	0.18318
1	20545	821.8	24	0.34177	0.41313
1	20545	821.8	25	0.8344	0.48112
1	20546	821.84	15	0.4779	0.19936
1	20546	821.84	16	0.53066	0.40133
1	20546	821.84	17	0.41685	0.51668
1	20546	821.84	18	0.37001	0.05396
1	20546	821.84	19	0.343	0.16547
1	20546	821.84	20	0.45798	0.4205
1	20546	821.84	21	0.38072	0.17298
1	20546	821.84	22	0.46572	0.59442
1	20546	821.84	23	0.27093	0.1839
1	20546	821.84	24	0.34303	0.41488
1	20546	821.84	25	0.83467	0.48208
1	20547	821.88	15	0.47928	0.20059
1	20547	821.88	16	0.53079	0.40385
1	20547	821.88	17	0.41467	0.51768
1	20547	821.88	18	0.37095	0.05513
1	20547	821.88	19	0.34381	0.16758
1	20547	821.88	20	0.45929	0.42288
1	20547	821.88	21	0.38133	0.17484
1	20547	821.88	22	0.46781	0.59545
1	20547	821.88	23	0.27124	0.18459
1	20547	821.88	24	0.34427	0.41662
1	20547	821.88	25	0.83494	0.483
1	20548	821.92	15	0.48064	0.20194
1	20548	821.92	16	0.53092	0.40631
1	20548	821.92	17	0.41251	0.51876
1	20548	821.92	18	0.3719	0.05642
1	20548	821.92	19	0.34461	0.16966
1	20548	821.92	20	0.46062	0.42524
1	20548	821.92	21	0.38191	0.17667
1	20548	821.92	22	0.4699	0.59656
1	20548	821.92	23	0.27155	0.1854
1	20548	821.92	24	0.3455	0.4184
1	20548	821.92	25	0.83523	0.48385
1	20549	821.96	15	0.48201	0.20326
1	20549	821.96	16	0.53105	0.40884
1	20549	821.96	17	0.41038	0.51996
1	20549	821.96	18	0.37284	0.05774
1	20549	821.96	19	0.34542	0.17176
1	20549	821.96	20	0.46195	0.42758
1	20549	821.96	21	0.38252	0.17854
1	20549	821.96	22	0.47197	0.59772
1	20549	821.96	23	0.27186	0.18617
1	20549	821.96	24	0.34671	0.42023
1	20549	821.96	25	0.83548	0.48476
1	20550	822.0	15	0.48336	0.20463
1	20550	822.0	16	0.53119	0.41136
1	20550	822.0	17	0.40828	0.52127
1	20550	822.0	18	0.37381	0.05902
1	20550	822.0	19	0.34621	0.1739
1	20550	822.0	20	0.46326	0.42996
1	20550	822.0	21	0.38313	0.1805
1	20550	822.0	22	0.47401	0.59892
1	20550	822.0	23	0.27217	0.18699
1	20550	822.0	24	0.34789	0.42204
1	20550	822.0	25	0.83572	0.48569
1	20551	822.04	15	0.4847	0.20604
1	20551	822.04	16	0.53134	0.41386
1	20551	822.04	17	0.4062	0.52269
1	20551	822.04	18	0.37476	0.06033
1	20551	822.04	19	0.347	0.17601
1	20551	822.04	20	0.46458	0.43227
1	20551	822.04	21	0.38375	0.18243
1	20551	822.04	22	0.47604	0.60018
1	20551	822.04	23	0.27246	0.18771
1	20551	822.04	24	0.34906	0.4239
1	20551	822.04	25	0.83596	0.48656
1	20552	822.08	15	0.48604	0.20742
1	20552	822.08	16	0.5315	0.41643
1	20552	822.08	17	0.40414	0.52419
1	20552	822.08	18	0.37571	0.06168
1	20552	822.08	19	0.34778	0.17807
1	20552	822.08	20	0.46591	0.43466
1	20552	822.08	21	0.38437	0.18432
1	20552	822.08	22	0.47806	0.60144
1	20552	822.08	23	0.27274	0.1884
1	20552	822.08	24	0.35021	0.42579
1	20552	822.08	25	0.83621	0.48741
1	20553	822.12	15	0.48735	0.20884
1	20553	822.12	16	0.53168	0.41898
1	20553	822.12	17	0.40211	0.52575
1	20553	822.12	18	0.37667	0.06306
1	20553	822.12	19	0.34856	0.18023
1	20553	822.12	20	0.46723	0.43699
1	20553	822.12	21	0.38498	0.18618
1	20553	822.12	22	0.48006	0.60278
1	20553	822.12	23	0.27301	0.18913
1	20553	822.12	24	0.35136	0.42768
1	20553	822.12	25	0.83644	0.48825
1	20554	822.16	15	0.48865	0.2103
1	20554	822.16	16	0.53186	0.42151
1	20554	822.16	17	0.40012	0.52739
1	20554	822.16	18	0.37764	0.06454
1	20554	822.16	19	0.34935	0.18242
1	20554	822.16	20	0.46854	0.43936
1	20554	822.16	21	0.38559	0.18807
1	20554	822.16	22	0.48205	0.60417
1	20554	822.16	23	0.2733	0.18989
1	20554	822.16	24	0.35248	0.4296
1	20554	822.16	25	0.83666	0.48909
1	20555	822.2	15	0.48995	0.21173
1	20555	822.2	16	0.53205	0.42402
1	20555	822.2	17	0.39817	0.52913
1	20555	822.2	18	0.3786	0.06589
1	20555	822.2	19	0.35012	0.18457
1	20555	822.2	20	0.46986	0.44166
1	20555	822.2	21	0.38622	0.18997
1	20555	822.2	22	0.48401	0.60564
1	20555	822.2	23	0.27359	0.19068
1	20555	822.2	24	0.35359	0.43161
1	20555	822.2	25	0.83687	0.48995
1	20556	822.24	15	0.49124	0.21326
1	20556	822.24	16	0.53225	0.42656
1	20556	822.24	17	0.39624	0.53098
1	20556	822.24	18	0.37954	0.06727
1	20556	822.24	19	0.35089	0.18675
1	20556	822.24	20	0.47116	0.44399
1	20556	822.24	21	0.38686	0.1919
1	20556	822.24	22	0.48595	0.60715
1	20556	822.24	23	0.27387	0.19143
1	20556	822.24	24	0.35468	0.43366
1	20556	822.24	25	0.83706	0.49088
1	20557	822.28	15	0.49252	0.21482
1	20557	822.28	16	0.53246	0.42908
1	20557	822.28	17	0.39435	0.53285
1	20557	822.28	18	0.38049	0.06868
1	20557	822.28	19	0.35165	0.18888
1	20557	822.28	20	0.47246	0.44631
1	20557	822.28	21	0.38749	0.19379
1	20557	822.28	22	0.48787	0.60873
1	20557	822.28	23	0.27416	0.19222
1	20557	822.28	24	0.35575	0.43573
1	20557	822.28	25	0.83723	0.49182
1	20558	822.32	15	0.49379	0.21641
1	20558	822.32	16	0.53269	0.43157
1	20558	822.32	17	0.39251	0.53483
1	20558	822.32	18	0.38144	0.07002
1	20558	822.32	19	0.35241	0.19103
1	20558	822.32	20	0.47375	0.44861
1	20558	822.32	21	0.38812	0.19571
1	20558	822.32	22	0.48976	0.61033
1	20558	822.32	23	0.27445	0.19309
1	20558	822.32	24	0.35682	0.43779
1	20558	822.32	25	0.8374	0.49276
1	20559	822.36	15	0.49505	0.21797
1	20559	822.36	16	0.53294	0.43408
1	20559	822.36	17	0.39071	0.53698
1	20559	822.36	18	0.3824	0.07146
1	20559	822.36	19	0.35317	0.19319
1	20559	822.36	20	0.47503	0.45094
1	20559	822.36	21	0.38877	0.19771
1	20559	822.36	22	0.49165	0.612
1	20559	822.36	23	0.27475	0.19399
1	20559	822.36	24	0.35788	0.43988
1	20559	822.36	25	0.83754	0.49371
1	20560	822.4	15	0.49628	0.21955
1	20560	822.4	16	0.53319	0.43662
1	20560	822.4	17	0.38896	0.53919
1	20560	822.4	18	0.38333	0.07284
1	20560	822.4	19	0.35392	0.19531
1	20560	822.4	20	0.47631	0.45326
1	20560	822.4	21	0.38941	0.19959
1	20560	822.4	22	0.49352	0.61374
1	20560	822.4	23	0.27505	0.19484
1	20560	822.4	24	0.35894	0.44204
1	20560	822.4	25	0.83766	0.49469
1	20561	822.44	15	0.49751	0.22116
1	20561	822.44	16	0.53346	0.43917
1	20561	822.44	17	0.38727	0.54145
1	20561	822.44	18	0.38428	0.07431
1	20561	822.44	19	0.35468	0.19758
1	20561	822.44	20	0.47758	0.45555
1	20561	822.44	21	0.39007	0.20148
1	20561	822.44	22	0.49535	0.61559
1	20561	822.44	23	0.27535	0.19572
1	20561	822.44	24	0.35999	0.44419
1	20561	822.44	25	0.83772	0.49579
1	20562	822.48	15	0.49875	0.22285
1	20562	822.48	16	0.53374	0.4417
1	20562	822.48	17	0.38563	0.54377
1	20562	822.48	18	0.38523	0.07572
1	20562	822.48	19	0.35541	0.19979
1	20562	822.48	20	0.47885	0.45787
1	20562	822.48	21	0.39074	0.20346
1	20562	822.48	22	0.49717	0.61744
1	20562	822.48	23	0.27566	0.1966
1	20562	822.48	24	0.36101	0.44631
1	20562	822.48	25	0.83777	0.49694
1	20563	822.52	15	0.49996	0.22443
1	20563	822.52	16	0.53402	0.44425
1	20563	822.52	17	0.38406	0.54621
1	20563	822.52	18	0.38619	0.07728
1	20563	822.52	19	0.35615	0.20208
1	20563	822.52	20	0.48011	0.46021
1	20563	822.52	21	0.39139	0.20539
1	20563	822.52	22	0.49897	0.61936
1	20563	822.52	23	0.27598	0.1975
1	20563	822.52	24	0.36201	0.44841
1	20563	822.52	25	0.83782	0.49808
1	20564	822.56	15	0.50116	0.22598
1	20564	822.56	16	0.53433	0.44681
1	20564	822.56	17	0.38254	0.54874
1	20564	822.56	18	0.38715	0.07877
1	20564	822.56	19	0.3569	0.20432
1	20564	822.56	20	0.48137	0.46248
1	20564	822.56	21	0.39208	0.20738
1	20564	822.56	22	0.50073	0.62135
1	20564	822.56	23	0.2763	0.19842
1	20564	822.56	24	0.36302	0.45058
1	20564	822.56	25	0.8379	0.49916
1	20565	822.6	15	0.50235	0.22754
1	20565	822.6	16	0.53464	0.44929
1	20565	822.6	17	0.38109	0.55139
1	20565	822.6	18	0.3881	0.08019
1	20565	822.6	19	0.35766	0.20662
1	20565	822.6	20	0.48263	0.46478
1	20565	822.6	21	0.39278	0.20938
1	20565	822.6	22	0.50247	0.6234
1	20565	822.6	23	0.2766	0.19927
1	20565	822.6	24	0.36402	0.45272
1	20565	822.6	25	0.838	0.50019
1	20566	822.64	15	0.50355	0.22911
1	20566	822.64	16	0.53498	0.45184
1	20566	822.64	17	0.3797	0.55412
1	20566	822.64	18	0.38906	0.08168
1	20566	822.64	19	0.3584	0.20879
1	20566	822.64	20	0.48389	0.46704
1	20566	822.64	21	0.39349	0.21132
1	20566	822.64	22	0.5042	0.62545
1	20566	822.64	23	0.27693	0.20013
1	20566	822.64	24	0.36501	0.45488
1	20566	822.64	25	0.83808	0.50122
1	20567	822.68	15	0.50473	0.23069
1	20567	822.68	16	0.53532	0.45439
1	20567	822.68	17	0.37837	0.55689
1	20567	822.68	18	0.39004	0.08325
1	20567	822.68	19	0.35915	0.21103
1	20567	822.68	20	0.48514	0.46933
1	20567	822.68	21	0.39421	0.21327
1	20567	822.68	22	0.50589	0.62759
1	20567	822.68	23	0.27725	0.201
1	20567	822.68	24	0.36601	0.45706
1	20567	822.68	25	0.83816	0.50225
1	20568	822.72	15	0.50589	0.23229
1	20568	822.72	16	0.53568	0.45692
1	20568	822.72	17	0.37711	0.55977
1	20568	822.72	18	0.39102	0.08489
1	20568	822.72	19	0.35989	0.21321
1	20568	822.72	20	0.48639	0.47164
1	20568	822.72	21	0.39495	0.21521
1	20568	822.72	22	0.50756	0.62977
1	20568	822.72	23	0.27758	0.20187
1	20568	822.72	24	0.36698	0.45921
1	20568	822.72	25	0.83823	0.50328
1	20569	822.76	15	0.50706	0.23383
1	20569	822.76	16	0.53605	0.45949
1	20569	822.76	17	0.37591	0.56277
1	20569	822.76	18	0.39201	0.08651
1	20569	822.76	19	0.36065	0.21545
1	20569	822.76	20	0.48763	0.47395
1	20569	822.76	21	0.39569	0.21715
1	20569	822.76	22	0.50921	0.632
1	20569	822.76	23	0.27791	0.20273
1	20569	822.76	24	0.36796	0.46136
1	20569	822.76	25	0.83832	0.50424
1	20570	822.8	15	0.5082	0.23537
1	20570	822.8	16	0.53644	0.46203
1	20570	822.8	17	0.37479	0.56583
1	20570	822.8	18	0.393	0.08806
1	20570	822.8	19	0.3614	0.21762
1	20570	822.8	20	0.48885	0.47625
1	20570	822.8	21	0.39644	0.21915
1	20570	822.8	22	0.51083	0.63429
1	20570	822.8	23	0.27825	0.2036
1	20570	822.8	24	0.36893	0.46349
1	20570	822.8	25	0.83843	0.50519
1	20571	822.84	15	0.50935	0.23699
1	20571	822.84	16	0.53686	0.46462
1	20571	822.84	17	0.37374	0.56897
1	20571	822.84	18	0.394	0.08958
1	20571	822.84	19	0.36215	0.21985
1	20571	822.84	20	0.49008	0.47855
1	20571	822.84	21	0.39722	0.22114
1	20571	822.84	22	0.51243	0.6366
1	20571	822.84	23	0.27858	0.20439
1	20571	822.84	24	0.36989	0.46558
1	20571	822.84	25	0.83853	0.50619
1	20572	822.88	15	0.5105	0.2386
1	20572	822.88	16	0.53728	0.46721
1	20572	822.88	17	0.37275	0.57212
1	20572	822.88	18	0.39501	0.09109
1	20572	822.88	19	0.36291	0.22201
1	20572	822.88	20	0.4913	0.48086
1	20572	822.88	21	0.39802	0.22326
1	20572	822.88	22	0.51401	0.63893
1	20572	822.88	23	0.27894	0.20524
1	20572	822.88	24	0.37086	0.46777
1	20572	822.88	25	0.83863	0.50717
1	20573	822.92	15	0.51163	0.24015
1	20573	822.92	16	0.53772	0.46972
1	20573	822.92	17	0.37182	0.57531
1	20573	822.92	18	0.39603	0.09266
1	20573	822.92	19	0.36367	0.22415
1	20573	822.92	20	0.49252	0.48318
1	20573	822.92	21	0.39885	0.22529
1	20573	822.92	22	0.51556	0.64131
1	20573	822.92	23	0.2793	0.20615
1	20573	822.92	24	0.37183	0.46992
1	20573	822.92	25	0.83873	0.50808
1	20574	822.96	15	0.51277	0.24181
1	20574	822.96	16	0.53817	0.47223
1	20574	822.96	17	0.37096	0.5786
1	20574	822.96	18	0.39705	0.09421
1	20574	822.96	19	0.36444	0.22635
1	20574	822.96	20	0.49373	0.48556
1	20574	822.96	21	0.39968	0.22725
1	20574	822.96	22	0.5171	0.64371
1	20574	822.96	23	0.27967	0.20705
1	20574	822.96	24	0.3728	0.47203
1	20574	822.96	25	0.83884	0.50894
1	20575	823.0	15	0.5139	0.24341
1	20575	823.0	16	0.53865	0.47474
1	20575	823.0	17	0.37018	0.58194
1	20575	823.0	18	0.39808	0.09581
1	20575	823.0	19	0.36523	0.22859
1	20575	823.0	20	0.49493	0.48785
1	20575	823.0	21	0.40051	0.2292
1	20575	823.0	22	0.5186	0.64612
1	20575	823.0	23	0.28006	0.20799
1	20575	823.0	24	0.37378	0.47413
1	20575	823.0	25	0.83897	0.50975
1	20576	823.04	15	0.51504	0.24506
1	20576	823.04	16	0.53915	0.47725
1	20576	823.04	17	0.36946	0.5853
1	20576	823.04	18	0.39912	0.09739
1	20576	823.04	19	0.36601	0.23075
1	20576	823.04	20	0.49613	0.49014
1	20576	823.04	21	0.40136	0.23126
1	20576	823.04	22	0.52009	0.64858
1	20576	823.04	23	0.28044	0.20892
1	20576	823.04	24	0.37477	0.47624
1	20576	823.04	25	0.8391	0.51056
1	20577	823.08	15	0.51615	0.24665
1	20577	823.08	16	0.53967	0.4798
1	20577	823.08	17	0.36881	0.58872
1	20577	823.08	18	0.40018	0.09893
1	20577	823.08	19	0.3668	0.23296
1	20577	823.08	20	0.4973	0.49249
1	20577	823.08	21	0.40222	0.23323
1	20577	823.08	22	0.52153	0.65109
1	20577	823.08	23	0.28085	0.20983
1	20577	823.08	24	0.37575	0.47831
1	20577	823.08	25	0.83922	0.51137
1	20578	823.12	15	0.51727	0.24822
1	20578	823.12	16	0.5402	0.48234
1	20578	823.12	17	0.36822	0.59215
1	20578	823.12	18	0.40123	0.10045
1	20578	823.12	19	0.3676	0.23521
1	20578	823.12	20	0.49849	0.49479
1	20578	823.12	21	0.4031	0.23525
1	20578	823.12	22	0.52296	0.65368
1	20578	823.12	23	0.28127	0.21078
1	20578	823.12	24	0.37675	0.48041
1	20578	823.12	25	0.83933	0.51218
1	20579	823.16	15	0.51838	0.24984
1	20579	823.16	16	0.54077	0.48483
1	20579	823.16	17	0.3677	0.59564
1	20579	823.16	18	0.40231	0.10201
1	20579	823.16	19	0.36842	0.23743
1	20579	823.16	20	0.49965	0.4971
1	20579	823.16	21	0.404	0.23718
1	20579	823.16	22	0.52437	0.65627
1	20579	823.16	23	0.28169	0.21177
1	20579	823.16	24	0.37776	0.48246
1	20579	823.16	25	0.83943	0.51305
1	20580	823.2	15	0.51949	0.25151
1	20580	823.2	16	0.54135	0.48732
1	20580	823.2	17	0.36725	0.59917
1	20580	823.2	18	0.40338	0.10354
1	20580	823.2	19	0.36924	0.23969
1	20580	823.2	20	0.50081	0.49936
1	20580	823.2	21	0.40493	0.23915
1	20580	823.2	22	0.52576	0.6589
1	20580	823.2	23	0.28213	0.21274
1	20580	823.2	24	0.37876	0.48447
1	20580	823.2	25	0.83951	0.51393
1	20581	823.24	15	0.52061	0.25315
1	20581	823.24	16	0.54197	0.48971
1	20581	823.24	17	0.36687	0.60275
1	20581	823.24	18	0.40445	0.10511
1	20581	823.24	19	0.37007	0.24199
1	20581	823.24	20	0.50194	0.50159
1	20581	823.24	21	0.40588	0.24115
1	20581	823.24	22	0.52713	0.66154
1	20581	823.24	23	0.28256	0.21368
1	20581	823.24	24	0.37977	0.48651
1	20581	823.24	25	0.83962	0.51476
1	20582	823.28	15	0.52171	0.25472
1	20582	823.28	16	0.5426	0.49209
1	20582	823.28	17	0.36658	0.60638
1	20582	823.28	18	0.40555	0.10671
1	20582	823.28	19	0.37089	0.2442
1	20582	823.28	20	0.50307	0.50381
1	20582	823.28	21	0.40684	0.24319
1	20582	823.28	22	0.52847	0.66418
1	20582	823.28	23	0.28303	0.21465
1	20582	823.28	24	0.38081	0.48854
1	20582	823.28	25	0.83974	0.51552
1	20583	823.32	15	0.52283	0.25632
1	20583	823.32	16	0.54325	0.49446
1	20583	823.32	17	0.36635	0.61004
1	20583	823.32	18	0.40669	0.10834
1	20583	823.32	19	0.37173	0.24644
1	20583	823.32	20	0.50419	0.50598
1	20583	823.32	21	0.40783	0.2452
1	20583	823.32	22	0.52979	0.66683
1	20583	823.32	23	0.28352	0.21566
1	20583	823.32	24	0.38185	0.49056
1	20583	823.32	25	0.83989	0.51622
1	20584	823.36	15	0.52394	0.2579
1	20584	823.36	16	0.54392	0.49682
1	20584	823.36	17	0.36618	0.61375
1	20584	823.36	18	0.40782	0.10994
1	20584	823.36	19	0.37258	0.24871
1	20584	823.36	20	0.50529	0.50819
1	20584	823.36	21	0.40884	0.24717
1	20584	823.36	22	0.53107	0.66948
1	20584	823.36	23	0.28402	0.21663
1	20584	823.36	24	0.3829	0.49253
1	20584	823.36	25	0.84005	0.51687
1	20585	823.4	15	0.52503	0.25952
1	20585	823.4	16	0.54461	0.4992
1	20585	823.4	17	0.36609	0.61746
1	20585	823.4	18	0.40896	0.11149
1	20585	823.4	19	0.37344	0.25094
1	20585	823.4	20	0.50641	0.51039
1	20585	823.4	21	0.40988	0.24911
1	20585	823.4	22	0.53235	0.67219
1	20585	823.4	23	0.28452	0.21763
1	20585	823.4	24	0.38396	0.49448
1	20585	823.4	25	0.84022	0.51749
1	20586	823.44	15	0.52614	0.26117
1	20586	823.44	16	0.54534	0.50149
1	20586	823.44	17	0.36605	0.62124
1	20586	823.44	18	0.41012	0.11314
1	20586	823.44	19	0.37431	0.2532
1	20586	823.44	20	0.50751	0.51259
1	20586	823.44	21	0.41093	0.25102
1	20586	823.44	22	0.53359	0.67494
1	20586	823.44	23	0.28504	0.21859
1	20586	823.44	24	0.38504	0.49642
1	20586	823.44	25	0.84037	0.51816
1	20587	823.48	15	0.52726	0.26273
1	20587	823.48	16	0.54609	0.50371
1	20587	823.48	17	0.36606	0.62503
1	20587	823.48	18	0.41127	0.11475
1	20587	823.48	19	0.37518	0.25543
1	20587	823.48	20	0.5086	0.51473
1	20587	823.48	21	0.41201	0.25289
1	20587	823.48	22	0.53482	0.67768
1	20587	823.48	23	0.28558	0.21959
1	20587	823.48	24	0.38612	0.49835
1	20587	823.48	25	0.84051	0.51886
1	20588	823.52	15	0.52835	0.26427
1	20588	823.52	16	0.54685	0.50597
1	20588	823.52	17	0.36615	0.62888
1	20588	823.52	18	0.41244	0.11638
1	20588	823.52	19	0.37608	0.25768
1	20588	823.52	20	0.50968	0.51687
1	20588	823.52	21	0.41311	0.25478
1	20588	823.52	22	0.53604	0.68045
1	20588	823.52	23	0.28613	0.2206
1	20588	823.52	24	0.38722	0.50021
1	20588	823.52	25	0.84065	0.51956
1	20589	823.56	15	0.52947	0.26583
1	20589	823.56	16	0.54764	0.50816
1	20589	823.56	17	0.3663	0.63276
1	20589	823.56	18	0.41363	0.11788
1	20589	823.56	19	0.37699	0.25989
1	20589	823.56	20	0.51078	0.51902
1	20589	823.56	21	0.41424	0.25663
1	20589	823.56	22	0.53725	0.68321
1	20589	823.56	23	0.28668	0.22157
1	20589	823.56	24	0.38834	0.50214
1	20589	823.56	25	0.84082	0.5202
1	20590	823.6	15	0.53058	0.26742
1	20590	823.6	16	0.54845	0.51028
1	20590	823.6	17	0.3665	0.63661
1	20590	823.6	18	0.41482	0.11941
1	20590	823.6	19	0.37792	0.26211
1	20590	823.6	20	0.51187	0.52117
1	20590	823.6	21	0.4154	0.25849
1	20590	823.6	22	0.53843	0.68599
1	20590	823.6	23	0.28725	0.22256
1	20590	823.6	24	0.38948	0.50409
1	20590	823.6	25	0.84099	0.52079
1	20591	823.64	15	0.53169	0.26903
1	20591	823.64	16	0.54928	0.51239
1	20591	823.64	17	0.36676	0.64051
1	20591	823.64	18	0.41603	0.12095
1	20591	823.64	19	0.37885	0.26424
1	20591	823.64	20	0.51295	0.52329
1	20591	823.64	21	0.41657	0.26031
1	20591	823.64	22	0.53962	0.68875
1	20591	823.64	23	0.28783	0.22357
1	20591	823.64	24	0.39064	0.50597
1	20591	823.64	25	0.84115	0.52139
1	20592	823.68	15	0.5328	0.27066
1	20592	823.68	16	0.55013	0.51446
1	20592	823.68	17	0.36708	0.64444
1	20592	823.68	18	0.41726	0.12258
1	20592	823.68	19	0.37978	0.26637
1	20592	823.68	20	0.51404	0.52544
1	20592	823.68	21	0.41776	0.26209
1	20592	823.68	22	0.54079	0.69151
1	20592	823.68	23	0.28843	0.22459
1	20592	823.68	24	0.3918	0.50783
1	20592	823.68	25	0.84131	0.52198
1	20593	823.72	15	0.53392	0.27225
1	20593	823.72	16	0.55101	0.51664
1	20593	823.72	17	0.36745	0.64843
1	20593	823.72	18	0.41849	0.12415
1	20593	823.72	19	0.38074	0.26852
1	20593	823.72	20	0.5151	0.52756
1	20593	823.72	21	0.41897	0.26382
1	20593	823.72	22	0.54195	0.69428
1	20593	823.72	23	0.28903	0.22557
1	20593	823.72	24	0.39298	0.50971
1	20593	823.72	25	0.84146	0.52258
1	20594	823.76	15	0.53504	0.2738
1	20594	823.76	16	0.55191	0.5187
1	20594	823.76	17	0.36787	0.6524
1	20594	823.76	18	0.41974	0.12573
1	20594	823.76	19	0.38171	0.27069
1	20594	823.76	20	0.51616	0.52971
1	20594	823.76	21	0.42021	0.26556
1	20594	823.76	22	0.54309	0.69704
1	20594	823.76	23	0.28966	0.22661
1	20594	823.76	24	0.39417	0.51155
1	20594	823.76	25	0.84164	0.52311
1	20595	823.8	15	0.53618	0.27537
1	20595	823.8	16	0.55283	0.52078
1	20595	823.8	17	0.36835	0.65636
1	20595	823.8	18	0.42101	0.12725
1	20595	823.8	19	0.38271	0.27286
1	20595	823.8	20	0.51722	0.53179
1	20595	823.8	21	0.42145	0.26726
1	20595	823.8	22	0.54423	0.69981
1	20595	823.8	23	0.29029	0.22761
1	20595	823.8	24	0.39538	0.51341
1	20595	823.8	25	0.84183	0.52361
1	20596	823.84	15	0.53731	0.27695
1	20596	823.84	16	0.55377	0.52283
1	20596	823.84	17	0.36887	0.66034
1	20596	823.84	18	0.42228	0.12878
1	20596	823.84	19	0.38372	0.27511
1	20596	823.84	20	0.51827	0.53384
1	20596	823.84	21	0.42274	0.26896
1	20596	823.84	22	0.54537	0.70258
1	20596	823.84	23	0.29096	0.22867
1	20596	823.84	24	0.3966	0.51524
1	20596	823.84	25	0.84202	0.5241
1	20597	823.88	15	0.53845	0.27855
1	20597	823.88	16	0.55472	0.52485
1	20597	823.88	17	0.36944	0.66428
1	20597	823.88	18	0.42358	0.13032
1	20597	823.88	19	0.38476	0.27736
1	20597	823.88	20	0.51931	0.53583
1	20597	823.88	21	0.42406	0.27067
1	20597	823.88	22	0.5465	0.7054
1	20597	823.88	23	0.29163	0.22975
1	20597	823.88	24	0.39781	0.517
1	20597	823.88	25	0.8422	0.52459
1	20598	823.92	15	0.53959	0.28015
1	20598	823.92	16	0.55567	0.52688
1	20598	823.92	17	0.37004	0.66823
1	20598	823.92	18	0.42488	0.13188
1	20598	823.92	19	0.38578	0.2795
1	20598	823.92	20	0.52034	0.53784
1	20598	823.92	21	0.42539	0.27239
1	20598	823.92	22	0.54761	0.70819
1	20598	823.92	23	0.29233	0.23083
1	20598	823.92	24	0.39903	0.51873
1	20598	823.92	25	0.84238	0.52508
1	20599	823.96	15	0.54074	0.28178
1	20599	823.96	16	0.55666	0.52884
1	20599	823.96	17	0.3707	0.6722
1	20599	823.96	18	0.4262	0.13337
1	20599	823.96	19	0.38684	0.28164
1	20599	823.96	20	0.52137	0.53981
1	20599	823.96	21	0.42675	0.27411
1	20599	823.96	22	0.54872	0.71093
1	20599	823.96	23	0.29303	0.23192
1	20599	823.96	24	0.40026	0.52042
1	20599	823.96	25	0.84257	0.52552
1	20600	824.0	15	0.54189	0.28341
1	20600	824.0	16	0.55766	0.53085
1	20600	824.0	17	0.37142	0.67617
1	20600	824.0	18	0.42754	0.13494
1	20600	824.0	19	0.3879	0.28379
1	20600	824.0	20	0.52239	0.54176
1	20600	824.0	21	0.42811	0.27573
1	20600	824.0	22	0.54984	0.71365
1	20600	824.0	23	0.29376	0.23302
1	20600	824.0	24	0.4015	0.52212
1	20600	824.0	25	0.84278	0.52589
1	20601	824.04	15	0.54304	0.28493
1	20601	824.04	16	0.55867	0.53283
1	20601	824.04	17	0.37218	0.68014
1	20601	824.04	18	0.4289	0.13644
1	20601	824.04	19	0.38898	0.28589
1	20601	824.04	20	0.5234	0.54368
1	20601	824.04	21	0.4295	0.27736
1	20601	824.04	22	0.55093	0.71638
1	20601	824.04	23	0.2945	0.23419
1	20601	824.04	24	0.40275	0.52374
1	20601	824.04	25	0.84301	0.5262
1	20602	824.08	15	0.5442	0.28641
1	20602	824.08	16	0.55969	0.53481
1	20602	824.08	17	0.37298	0.68411
1	20602	824.08	18	0.43026	0.13795
1	20602	824.08	19	0.39007	0.28805
1	20602	824.08	20	0.52441	0.5456
1	20602	824.08	21	0.43091	0.27905
1	20602	824.08	22	0.55203	0.71911
1	20602	824.08	23	0.29524	0.23529
1	20602	824.08	24	0.40401	0.52533
1	20602	824.08	25	0.84325	0.5265
1	20603	824.12	15	0.54534	0.28796
1	20603	824.12	16	0.56072	0.53672
1	20603	824.12	17	0.37382	0.6881
1	20603	824.12	18	0.43164	0.13954
1	20603	824.12	19	0.3912	0.29021
1	20603	824.12	20	0.52541	0.54754
1	20603	824.12	21	0.43236	0.28069
1	20603	824.12	22	0.55313	0.72187
1	20603	824.12	23	0.296	0.23634
1	20603	824.12	24	0.40528	0.52693
1	20603	824.12	25	0.84351	0.52679
1	20604	824.16	15	0.5465	0.28952
1	20604	824.16	16	0.56177	0.5386
1	20604	824.16	17	0.37471	0.69204
1	20604	824.16	18	0.43303	0.14107
1	20604	824.16	19	0.39233	0.29239
1	20604	824.16	20	0.52642	0.54944
1	20604	824.16	21	0.43382	0.28227
1	20604	824.16	22	0.55421	0.72463
1	20604	824.16	23	0.29678	0.23747
1	20604	824.16	24	0.40655	0.52854
1	20604	824.16	25	0.84378	0.52702
1	20605	824.2	15	0.54767	0.29097
1	20605	824.2	16	0.56282	0.54045
1	20605	824.2	17	0.37564	0.69596
1	20605	824.2	18	0.43445	0.1426
1	20605	824.2	19	0.39349	0.29456
1	20605	824.2	20	0.52741	0.55131
1	20605	824.2	21	0.4353	0.28392
1	20605	824.2	22	0.55531	0.72737
1	20605	824.2	23	0.29757	0.23859
1	20605	824.2	24	0.40783	0.53007
1	20605	824.2	25	0.84407	0.52718
1	20606	824.24	15	0.54884	0.29242
1	20606	824.24	16	0.56389	0.54222
1	20606	824.24	17	0.37662	0.69989
1	20606	824.24	18	0.43585	0.14408
1	20606	824.24	19	0.39465	0.29656
1	20606	824.24	20	0.5284	0.55319
1	20606	824.24	21	0.43678	0.28559
1	20606	824.24	22	0.5564	0.73009
1	20606	824.24	23	0.29838	0.23972
1	20606	824.24	24	0.40912	0.53161
1	20606	824.24	25	0.84439	0.52722
1	20607	824.28	15	0.54999	0.29383
1	20607	824.28	16	0.56497	0.544
1	20607	824.28	17	0.37763	0.7038
1	20607	824.28	18	0.43729	0.14555
1	20607	824.28	19	0.39583	0.29863
1	20607	824.28	20	0.5294	0.55503
1	20607	824.28	21	0.4383	0.28713
1	20607	824.28	22	0.55748	0.73277
1	20607	824.28	23	0.29919	0.24086
1	20607	824.28	24	0.41042	0.53315
1	20607	824.28	25	0.84473	0.52721
1	20608	824.32	15	0.55115	0.29531
1	20608	824.32	16	0.56606	0.54574
1	20608	824.32	17	0.37867	0.70769
1	20608	824.32	18	0.43872	0.14697
1	20608	824.32	19	0.39701	0.30065
1	20608	824.32	20	0.5304	0.55685
1	20608	824.32	21	0.43983	0.28868
1	20608	824.32	22	0.55855	0.73543
1	20608	824.32	23	0.30001	0.242
1	20608	824.32	24	0.41172	0.5347
1	20608	824.32	25	0.84506	0.52721
1	20609	824.36	15	0.55231	0.2968
1	20609	824.36	16	0.56717	0.54745
1	20609	824.36	17	0.37976	0.71156
1	20609	824.36	18	0.44015	0.1484
1	20609	824.36	19	0.39821	0.30267
1	20609	824.36	20	0.53139	0.5587
1	20609	824.36	21	0.44137	0.29019
1	20609	824.36	22	0.55963	0.73809
1	20609	824.36	23	0.30084	0.24315
1	20609	824.36	24	0.41303	0.53617
1	20609	824.36	25	0.84537	0.52727
1	20610	824.4	15	0.55349	0.29829
1	20610	824.4	16	0.5683	0.54917
1	20610	824.4	17	0.38088	0.71541
1	20610	824.4	18	0.44158	0.14985
1	20610	824.4	19	0.39941	0.30464
1	20610	824.4	20	0.53236	0.56053
1	20610	824.4	21	0.44292	0.2917
1	20610	824.4	22	0.5607	0.74075
1	20610	824.4	23	0.30168	0.24431
1	20610	824.4	24	0.41436	0.5377
1	20610	824.4	25	0.84568	0.52734
1	20611	824.44	15	0.55466	0.2998
1	20611	824.44	16	0.56942	0.55081
1	20611	824.44	17	0.38205	0.71925
1	20611	824.44	18	0.44302	0.1513
1	20611	824.44	19	0.40063	0.30667
1	20611	824.44	20	0.53334	0.56236
1	20611	824.44	21	0.44449	0.29323
1	20611	824.44	22	0.56177	0.74343
1	20611	824.44	23	0.30252	0.24548
1	20611	824.44	24	0.41568	0.53918
1	20611	824.44	25	0.84601	0.52736
1	20612	824.48	15	0.55584	0.30126
1	20612	824.48	16	0.57057	0.55242
1	20612	824.48	17	0.38326	0.72309
1	20612	824.48	18	0.44447	0.1527
1	20612	824.48	19	0.40189	0.30878
1	20612	824.48	20	0.53431	0.56416
1	20612	824.48	21	0.44607	0.2947
1	20612	824.48	22	0.56285	0.74609
1	20612	824.48	23	0.30337	0.24666
1	20612	824.48	24	0.417	0.54064
1	20612	824.48	25	0.84634	0.52736
1	20613	824.52	15	0.55701	0.30273
1	20613	824.52	16	0.57172	0.55404
1	20613	824.52	17	0.3845	0.72691
1	20613	824.52	18	0.44594	0.15404
1	20613	824.52	19	0.40317	0.31089
1	20613	824.52	20	0.53528	0.56593
1	20613	824.52	21	0.44766	0.29618
1	20613	824.52	22	0.56392	0.74872
1	20613	824.52	23	0.30422	0.24785
1	20613	824.52	24	0.41834	0.54214
1	20613	824.52	25	0.84667	0.52736
1	20614	824.56	15	0.55819	0.30421
1	20614	824.56	16	0.5729	0.55558
1	20614	824.56	17	0.38578	0.73065
1	20614	824.56	18	0.44742	0.15539
1	20614	824.56	19	0.40444	0.31288
1	20614	824.56	20	0.53623	0.56766
1	20614	824.56	21	0.44927	0.29762
1	20614	824.56	22	0.565	0.75132
1	20614	824.56	23	0.30508	0.24904
1	20614	824.56	24	0.41967	0.54361
1	20614	824.56	25	0.84697	0.52741
1	20615	824.6	15	0.55939	0.30571
1	20615	824.6	16	0.57409	0.5571
1	20615	824.6	17	0.38709	0.73437
1	20615	824.6	18	0.44891	0.15683
1	20615	824.6	19	0.40572	0.3149
1	20615	824.6	20	0.53721	0.56937
1	20615	824.6	21	0.45087	0.29894
1	20615	824.6	22	0.56607	0.7539
1	20615	824.6	23	0.30595	0.25025
1	20615	824.6	24	0.421	0.54505
1	20615	824.6	25	0.84726	0.52749
1	20616	824.64	15	0.56059	0.30716
1	20616	824.64	16	0.57528	0.55854
1	20616	824.64	17	0.38843	0.73805
1	20616	824.64	18	0.45041	0.15829
1	20616	824.64	19	0.40701	0.31686
1	20616	824.64	20	0.53817	0.57104
1	20616	824.64	21	0.45249	0.30028
1	20616	824.64	22	0.56714	0.75644
1	20616	824.64	23	0.30684	0.25153
1	20616	824.64	24	0.42234	0.54657
1	20616	824.64	25	0.84758	0.52751
1	20617	824.68	15	0.56178	0.30862
1	20617	824.68	16	0.57649	0.55995
1	20617	824.68	17	0.38981	0.74174
1	20617	824.68	18	0.45188	0.15976
1	20617	824.68	19	0.40832	0.31888
1	20617	824.68	20	0.53914	0.57272
1	20617	824.68	21	0.4541	0.30152
1	20617	824.68	22	0.56821	0.75898
1	20617	824.68	23	0.30773	0.25283
1	20617	824.68	24	0.42369	0.54803
1	20617	824.68	25	0.8479	0.5275
1	20618	824.72	15	0.563	0.3101
1	20618	824.72	16	0.57772	0.56136
1	20618	824.72	17	0.39123	0.74543
1	20618	824.72	18	0.45335	0.16119
1	20618	824.72	19	0.40963	0.32086
1	20618	824.72	20	0.5401	0.57437
1	20618	824.72	21	0.45573	0.30277
1	20618	824.72	22	0.56929	0.76153
1	20618	824.72	23	0.30861	0.25407
1	20618	824.72	24	0.42503	0.54953
1	20618	824.72	25	0.84825	0.5275
1	20619	824.76	15	0.56422	0.31153
1	20619	824.76	16	0.57896	0.56274
1	20619	824.76	17	0.39269	0.74909
1	20619	824.76	18	0.45484	0.16263
1	20619	824.76	19	0.41095	0.3228
1	20619	824.76	20	0.54106	0.57604
1	20619	824.76	21	0.45738	0.3041
1	20619	824.76	22	0.57036	0.76407
1	20619	824.76	23	0.30951	0.25533
1	20619	824.76	24	0.42639	0.55104
1	20619	824.76	25	0.8486	0.5275
1	20620	824.8	15	0.56544	0.31297
1	20620	824.8	16	0.5802	0.56406
1	20620	824.8	17	0.39417	0.75276
1	20620	824.8	18	0.45633	0.16394
1	20620	824.8	19	0.41228	0.32481
1	20620	824.8	20	0.54202	0.5777
1	20620	824.8	21	0.45904	0.30544
1	20620	824.8	22	0.57143	0.7666
1	20620	824.8	23	0.31041	0.25654
1	20620	824.8	24	0.42775	0.55255
1	20620	824.8	25	0.84895	0.5275
1	20621	824.84	15	0.56665	0.31438
1	20621	824.84	16	0.58147	0.56534
1	20621	824.84	17	0.3957	0.7564
1	20621	824.84	18	0.45783	0.16528
1	20621	824.84	19	0.41362	0.32683
1	20621	824.84	20	0.54298	0.57933
1	20621	824.84	21	0.4607	0.30668
1	20621	824.84	22	0.57251	0.76911
1	20621	824.84	23	0.31134	0.25776
1	20621	824.84	24	0.42911	0.55404
1	20621	824.84	25	0.8493	0.52749
1	20622	824.88	15	0.56788	0.31586
1	20622	824.88	16	0.58274	0.56659
1	20622	824.88	17	0.39725	0.76001
1	20622	824.88	18	0.45932	0.16664
1	20622	824.88	19	0.41498	0.3288
1	20622	824.88	20	0.54395	0.58094
1	20622	824.88	21	0.46238	0.30793
1	20622	824.88	22	0.57361	0.7716
1	20622	824.88	23	0.31227	0.25907
1	20622	824.88	24	0.43046	0.55553
1	20622	824.88	25	0.84966	0.52749
1	20623	824.92	15	0.56911	0.31735
1	20623	824.92	16	0.58402	0.56781
1	20623	824.92	17	0.39884	0.7636
1	20623	824.92	18	0.46083	0.16802
1	20623	824.92	19	0.41634	0.3308
1	20623	824.92	20	0.5449	0.58255
1	20623	824.92	21	0.46408	0.30915
1	20623	824.92	22	0.5747	0.77403
1	20623	824.92	23	0.31321	0.26032
1	20623	824.92	24	0.43181	0.557
1	20623	824.92	25	0.85004	0.52749
1	20624	824.96	15	0.57035	0.31881
1	20624	824.96	16	0.58532	0.569
1	20624	824.96	17	0.40045	0.76717
1	20624	824.96	18	0.46232	0.16936
1	20624	824.96	19	0.4177	0.33275
1	20624	824.96	20	0.54586	0.5841
1	20624	824.96	21	0.46578	0.31038
1	20624	824.96	22	0.57579	0.77643
1	20624	824.96	23	0.31415	0.26147
1	20624	824.96	24	0.43316	0.55851
1	20624	824.96	25	0.85044	0.52742
